0 0.03356974436595654
2 0.020422019850872396
3 0.019148785848875322
5 0.01794794965833393
7 0.01949600606041684
8 0.019674431095586167
10 0.019314019883287868
12 0.02167536655067665
14 0.018026169525583346
16 0.020087870247020856
17 0.017526818604214275
19 0.019042258709119898
21 0.019284282538472603
23 0.02343536569186802
24 0.01957604774918996
26 0.016283691455364076
28 0.021072549874496218
29 0.020947714575100324
31 0.02398781829799547
33 0.018872464366370925
34 0.01962608086528365
35 0.020129077582177857
36 0.021924392086214734
38 0.0168265260424576
40 0.01827924208249243
42 0.022847643215068675
43 0.023055264291373233
45 0.020466709453568484
47 0.01779158086707497
48 0.01808014381265603
50 0.019208035523209332
52 0.019534794193860172
54 0.018940131763434447
55 0.01898612897415115
57 0.016220077364843988
59 0.0204256907617534
60 0.022115217682539372
61 0.023046500579671454
62 0.022963683487190342
64 0.027393677614284684
66 0.018462052708965615
67 0.01594116887253322
68 0.027405891363775935
69 0.021883389761943223
71 0.022846077756858863
73 0.01904348087987668
75 0.01688089285719201
77 0.01833858963484758
79 0.01786027651430104
80 0.017736499498434973
81 0.014805658073629501
83 0.021667288825541392
85 0.01953403296921863
87 0.021861975672251788
89 0.016073901248666003
90 0.016725662490356008
91 0.01985773990727182
92 0.019825725483160757
94 0.021976461008260156
96 0.022606312826941918
98 0.022645351103425925
100 0.0179417022796855
102 0.01898259669913867
103 0.028795868716201017
104 0.026320443077622713
105 0.01783354777073143
107 0.016129493048365563
109 0.015323772321484519
111 0.01635234700770225
113 0.021691039275714405
115 0.022475267971989347
116 0.018849568652475668
118 0.019895057894191985
120 0.028152119811959628
122 0.026795326462488615
124 0.01794992630291634
126 0.024906975380236552
128 0.019273170350662606
130 0.018537579635040193
132 0.02594476336145293
134 0.02674821976224761
136 0.021902443502342963
138 0.0167347131671985
140 0.01984537586958212
142 0.025568008082083916
144 0.01573410128894655
146 0.018072856806791226
148 0.019283076827103212
150 0.020979141101695874
151 0.014304158461612815
152 0.02011183423132159
154 0.01921827774616044
156 0.0234147390174068
157 0.020233230913968708
159 0.017415767453499598
161 0.01816558687513604
163 0.018208128235534103
165 0.020170310336740254
167 0.021475408071508315
169 0.017279002718445704
171 0.021430007571382248
173 0.02223672705126205
175 0.01985625945588205
177 0.02072890304636565
180 0.02112611451394599
181 0.02883370227389394
182 0.02685063985516223
184 0.018345992330341686
186 0.029804692896504673
188 0.027652029854321598
190 0.022929339433465822
193 0.03275637790696171
195 0.025715468614539848
198 0.024244632028137692
200 0.02959527293576428
202 0.03485555430048782
204 0.017608697796439463
205 0.03302823991148453
207 0.02629883815736716
209 0.031221086459547576
211 0.02540970299833134
212 0.029139064204514398
214 0.0376615913064638
216 0.02763209325421148
218 0.021776460644462023
219 0.028454267004098217
221 0.027273303888615923
223 0.024808647495314418
225 0.028760815146364225
228 0.02838776434954966
230 0.021303420202712402
232 0.025790347380342766
235 0.022560504492431122
237 0.02602465793803823
239 0.02864480956377024
240 0.03501171932012203
242 0.028859045359095222
244 0.02805970230423095
247 0.017280758471459788
248 0.034668703984189746
250 0.025327718610917052
252 0.022839949664639876
253 0.02444288352956568
254 0.01708819914442188
255 0.029646876272591473
259 0.021063443374224014
261 0.020334117244440345
262 0.03215543124331614
264 0.02234878205725958
266 0.0228504798703456
268 0.018306797948788416
269 0.03821257981143566
271 0.021852572846997445
273 0.027741351837843098
275 0.020054626522814523
276 0.03896991651844889
278 0.022095942083923115
280 0.019054813797973382
282 0.02095273549772563
285 0.020093150112861814
287 0.017105072165417245
288 0.02425425282310533
290 0.022017484513083954
292 0.02772260126513268
294 0.02720497222469345
296 0.01827230615216405
297 0.028997713478949718
299 0.023841801651314297
301 0.021376716232172667
303 0.02567389193182659
305 0.029406134030136456
306 0.029943233723831293
308 0.022104701200530198
310 0.021317550904352868
312 0.031003517571689402
314 0.026532648521206233
317 0.021220425056016155
319 0.02547748910714475
321 0.022681868805537162
322 0.030303729491925842
324 0.028659426203197568
326 0.025438539275762798
328 0.014013741484428752
331 0.017299352770521637
332 0.01679946763761546
333 0.020659801404366362
334 0.019673483780316303
336 0.01663764731362831
338 0.015435601152563549
341 0.015433655544025981
343 0.01616313682823147
345 0.02487141808817585
347 0.01669335713421333
349 0.01876856718829025
351 0.01667244715660534
353 0.015378765235948322
355 0.01696615909659876
356 0.017703251783941328
357 0.016386363365237838
358 0.017674503374386384
360 0.017646995609948948
362 0.016331175322770265
364 0.018056962087371176
366 0.017711876788129386
368 0.01659640068365691
370 0.015448677582380554
372 0.01903467918029946
374 0.015689509883532793
376 0.02040697536363125
378 0.017571274739773744
380 0.0182033824636194
381 0.019961528565556108
382 0.019312019861464098
383 0.014745246952753966
385 0.02304770754116589
387 0.02326346248494717
389 0.02044411543021812
391 0.01689763339008563
393 0.016822008471316964
394 0.0161874572747062
395 0.020065179412529232
396 0.021840901741745043
398 0.016886573519290474
400 0.016640628233093677
402 0.014984433519433233
404 0.017576739240205086
406 0.015073992610333183
408 0.016916784625250005
410 0.019988605652061918
412 0.017198908960779136
413 0.02168370186813983
415 0.016901521071405214
417 0.016937260460025527
419 0.016558631760390307
420 0.016202880956655008
421 0.01746868758345954
422 0.015359502471943126
424 0.018275867080961582
426 0.017523219737957636
428 0.022189366183451967
429 0.017794310414540604
430 0.02130359999782172
431 0.021037824712072013
433 0.016312183296550205
435 0.019074797014247906
436 0.01589536470647669
437 0.01841681210867642
438 0.01763286604555674
440 0.017257399857162643
442 0.01624675573806132
443 0.01788487820363116
445 0.017927988017871956
447 0.015087853550826799
449 0.016948147143094974
450 0.013741025003370547
451 0.022322530907359805
452 0.028075173781913196
454 0.023347122788272095
456 0.01633771761751556
457 0.017127999268585593
459 0.013397733760134893
461 0.014216551322388367
462 0.01791421810372185
464 0.018012411795925734
466 0.01719129057531461
467 0.024127532681155743
468 0.03292567463773821
469 0.016079314236738657
471 0.015814911342285347
472 0.01754517429162345
473 0.02594510318238008
474 0.019711845012820237
476 0.014740105740379343
478 0.016181231295122774
479 0.018714836549542684
481 0.017921131554955883
483 0.017343353152272277
484 0.015712211045822117
485 0.018180453014372232
486 0.02490658316376875
488 0.015883029384420412
490 0.018249293346860894
491 0.0207437027607682
493 0.018868958938201428
495 0.017542348228644755
496 0.02417515941239243
497 0.019008062848273412
498 0.014044442218251636
500 0.0164655049728302
502 0.017125828832166217
503 0.020663523955655756
504 0.022294651018466994
505 0.0169516044728686
507 0.022897941346702037
509 0.019253691671334026
510 0.01722285273530133
512 0.022776453714313902
514 0.02137325802425988
516 0.017898083279646926
518 0.016444430324304447
519 0.019031043486407384
521 0.014287599105201528
523 0.01704738069308761
524 0.01593312093299725
525 0.02212304029171719
526 0.01815022414223222
528 0.01743703904621366
530 0.016181034935638147
532 0.018975100353702003
533 0.020199496614687007
535 0.021763628448013606
537 0.01611262742960662
538 0.01589892840204624
540 0.021238350961543626
542 0.019218513370457335
544 0.02173997595954969
545 0.018075883213399674
547 0.01769236440691202
549 0.019295407709996146
551 0.01660858624771728
552 0.01943710133951647
554 0.018586502327915023
556 0.01735393492447833
558 0.023922690456479358
559 0.020101675237715187
560 0.022643430997050018
561 0.01823162614292073
563 0.01481980387407273
564 0.015869683991596162
565 0.02763554080627273
566 0.021502234794574495
568 0.017730817639500986
570 0.019992358070339833
572 0.014859217447260084
574 0.019323837480229145
576 0.01920156344095858
577 0.030846878083629667
579 0.018817374277841737
581 0.01709155091654421
583 0.019961657506655683
584 0.02019704206527706
587 0.014842618027574538
589 0.016642943349275185
590 0.016891315169720443
592 0.019548607728473184
594 0.018541564373737173
596 0.019941438829443377
598 0.02188912785706739
599 0.018133789399362634
600 0.01254749248846565
601 0.015746686083184615
602 0.023831049576935066
603 0.0199967123483382
605 0.026618549841223284
607 0.018687556133525875
609 0.01692130685910941
611 0.016151052312963543
612 0.01475755224329792
613 0.01911941725802535
614 0.02130381415113334
616 0.01965383462857062
618 0.016116660314691323
620 0.01882389337499717
622 0.019089342346428378
624 0.01806418736374932
626 0.015618591137529786
628 0.01584160224745253
630 0.01845137538316027
632 0.016500473756029994
634 0.017104704091480016
636 0.021916180200842444
638 0.016713548692378982
640 0.017967366048931302
642 0.023728183023223437
644 0.018710417196446446
646 0.017570537489876057
648 0.01834497062720532
650 0.019534416170292463
652 0.022577865879807178
654 0.0185779853522763
656 0.019669974347612158
658 0.023265187050911764
660 0.019818412890426122
662 0.018344697801334558
664 0.021770282837559825
666 0.015834542974379185
668 0.018868650251814265
670 0.024638494978868646
672 0.02022929122296091
674 0.017445130041065484
676 0.01589822635296394
678 0.025192494755665394
680 0.018552596274925497
682 0.017303778916144714
684 0.01758402701463524
686 0.01486223454884339
689 0.016266012574844894
691 0.015556498080688168
693 0.020629689661781844
695 0.014957953657187772
697 0.02062534506238349
699 0.016691604043611925
701 0.0152350245373677
702 0.01247799744827002
704 0.01858894076814484
706 0.015919524204177617
708 0.02128220737660058
710 0.019776763060173154
712 0.0176791092582107
714 0.02020852646847636
716 0.017047586145032767
718 0.018848379783122482
719 0.01791804854265422
721 0.017313972666585187
723 0.02053437274500109
725 0.0154979439202019
728 0.017453693998064068
730 0.01881821991322419
732 0.019444292328666096
734 0.01612229641424013
736 0.016161231300608443
737 0.01738989192215475
739 0.018792686273535593
741 0.017289841509196435
743 0.023046980026967794
745 0.03000983241787997
747 0.018423045528409905
750 0.019057561067525472
752 0.01601061095917864
754 0.01882348048626833
756 0.016856034406505148
758 0.016708689512446046
760 0.01702929771543764
762 0.015809272790193063
764 0.01765850806796502
765 0.013028450472415899
767 0.019957680276000984
769 0.018408819245295444
771 0.020120093432328505
773 0.014458494812098857
775 0.01560745994306888
777 0.018645745551351765
779 0.018643165737350264
782 0.018274400641015938
784 0.02224610109091903
786 0.016822674290698576
788 0.017589510067135838
790 0.018824715123721282
792 0.01764788013355883
794 0.018677142343303785
796 0.01972259045157898
798 0.01772214072633866
800 0.01807147134947785
802 0.018070253414521176
804 0.014195086366564618
806 0.016129795966509163
808 0.01751498184160738
809 0.02519516862173532
810 0.018321043552854615
812 0.019227104103367764
813 0.018514594706948627
814 0.020447084479819157
817 0.016596885583576675
818 0.014036273273032666
819 0.014497337228604579
821 0.019359471295148836
823 0.016362577274094292
825 0.0183734791443347
827 0.020718498403368812
829 0.017709483746042518
831 0.022234533504930907
833 0.021426800468744706
835 0.017003454540206173
837 0.020829702776798815
839 0.01746105567028043
841 0.020145769760205212
843 0.018677959622646324
845 0.02134317354695112
847 0.01700470626391848
849 0.017746047484676043
851 0.01650816899652508
853 0.019881194360164046
854 0.01716436074345893
856 0.015171778919188405
858 0.019956201566575307
860 0.01610973347923097
862 0.01588398079187707
864 0.019408989026383477
866 0.018479080046303737
868 0.018329138130411593
870 0.01769541406117076
872 0.0197157870990452
874 0.018570087880339484
875 0.013550717666322164
877 0.018325310864210062
879 0.014184135877079436
881 0.019185817027823758
883 0.018425645167474653
885 0.015197059956539019
886 0.01810077308478371
888 0.02223639252879993
890 0.01764880721112728
892 0.01557869761657977
894 0.02458923991577194
895 0.01893910859777432
897 0.026132748512686196
899 0.01676643316538027
901 0.021902721867671848
903 0.014485619920109953
904 0.017836048441672858
905 0.02374668293373361
906 0.018882083983299935
908 0.018893277847037097
910 0.01663220592471589
912 0.01869678980246254
913 0.019319711873912467
915 0.019340171316929836
917 0.023442933781491808
919 0.016026417050329655
921 0.013981529475604236
922 0.01828293693601779
924 0.020916416318947577
926 0.020606448436306362
928 0.020752712056990832
929 0.01935854896813775
931 0.018093221805922138
933 0.021472390673276703
934 0.01651655579223643
935 0.02500752998412281
936 0.01901803212586836
938 0.014127082997824322
940 0.017262027972534316
942 0.019403210336726318
943 0.015509929243107547
945 0.021051867107162787
947 0.019694361738301167
949 0.017200718087483184
950 0.016154884322588714
952 0.01892363953641052
954 0.01872429833171656
955 0.01706635289806103
957 0.016190685409696925
959 0.019249405490917033
961 0.01972024142903712
962 0.018674044538259365
964 0.029171538364986798
965 0.014306481833626903
966 0.019300093121562265
967 0.025193260811301407
969 0.017394608838926615
970 0.019923966203070728
971 0.018323080718409476
972 0.01865467907463388
974 0.016630712401509203
976 0.022479485415780282
977 0.0329426427188082
979 0.015415455786517719
981 0.019799428393572203
982 0.019817389328409263
984 0.016143780659155657
986 0.01466468197978429
987 0.019703753210382945
989 0.019235140475127713
991 0.018026939416062225
992 0.015449484577763595
994 0.02078058669708036
996 0.01498754979038657
998 0.018036955856716
999 0.01634088444261682
1001 0.02140959725593141
1003 0.0151245574498884
1004 0.014595404614413252
1005 0.02171590386685856
1006 0.014162785942844761
1008 0.025645264488134673
1010 0.016178148950612266
1012 0.026961418196374324
1014 0.019100534479354298
1015 0.015709826195852372
1017 0.01585186062381386
1019 0.018174018591079595
1021 0.019844141444641156
1022 0.019752667384750566
1024 0.019827971562911748
1026 0.019091383390559713
1027 0.018734204608648497
1028 0.021405075225857217
1029 0.019971447425753772
1031 0.018448705914992883
1033 0.01572287769803487
1035 0.02145150218331461
1036 0.018336018863540932
1038 0.020303176183168552
1040 0.017811962427194884
1042 0.017167042363004894
1044 0.019472651985986224
1045 0.019334254064119705
1047 0.024580663196616115
1049 0.019986208131938285
1051 0.02137185148170791
1053 0.021134704388286456
1055 0.021918623520846
1056 0.018328140098589074
1057 0.019280018039125935
1058 0.017389276737904927
1059 0.018842619725806538
1060 0.01794527868191033
1062 0.02200419161540089
1064 0.02023627552415519
1066 0.01776937344027374
1068 0.01801944586258463
1070 0.018038595653678158
1072 0.018880896960934025
1073 0.028250021557414583
1075 0.01894831671238535
1077 0.02635169416083727
1079 0.017964850977250535
1081 0.017255662478343464
1083 0.018141706003405034
1085 0.016159174831206175
1087 0.016428414221695675
1089 0.018819389799225726
1091 0.022593679502011476
1093 0.024880948988573855
1095 0.0190129166920201
1097 0.023460786736795518
1099 0.0185713047875298
1101 0.015925054701817012
1103 0.01769018567332942
1104 0.026098609375630133
1106 0.017086563429029412
1107 0.011797920906019499
1109 0.014763015652452591
1111 0.021792321782654386
1113 0.019442975252489374
1114 0.015426291739581406
1116 0.020306020736963703
1118 0.021188040307369312
1120 0.020241825729142095
1122 0.017385616814357893
1124 0.018565512369643027
1126 0.022012854466643497
1128 0.016035118596884484
1130 0.01985208462226341
1132 0.018092808474490164
1134 0.018212513859432213
1136 0.021415394914229183
1138 0.016883879836433108
1140 0.017833671026674363
1142 0.017216770142155724
1144 0.016304736253447884
1146 0.022004964249487915
1148 0.020683567628938446
1151 0.01744704088873732
1153 0.018780305865308176
1155 0.016714663688942113
1157 0.02049073244563715
