0 0.035561208883320816
2 0.0318177180170661
3 0.024087764470954648
5 0.026914650651014616
7 0.019164382652568212
8 0.017554341634856762
9 0.027715259670076858
10 0.019677262125208653
12 0.02369007130166234
14 0.014673414041953473
16 0.03465807891829638
17 0.0164673559173628
18 0.023100196628341507
19 0.025995888672159077
21 0.01833133821045756
23 0.025647441346704353
24 0.020297593377265725
26 0.017301229126465652
28 0.03644930782342324
29 0.02907946878418836
31 0.03103677306594321
33 0.019768747828552178
35 0.025291369096687503
36 0.020939694240089585
38 0.029815357615065114
40 0.03798936508007918
42 0.034667071536900095
43 0.032465050610965385
45 0.023578701980995948
47 0.01984154152386397
48 0.02003643122675082
50 0.022218648848271627
52 0.023177756833945865
54 0.01894355797048301
55 0.0226040095449056
57 0.02196876763902062
59 0.02567367839808102
61 0.023017035883922076
62 0.030821364730251495
64 0.0285493827532882
66 0.017230341864593157
68 0.01940179243188474
69 0.02629307137590008
71 0.03328761173045193
73 0.019463662286293464
75 0.02217988575597812
77 0.0197577962491499
79 0.014398502837184626
81 0.02013409220257542
83 0.025582036194161734
85 0.01966645930168229
87 0.023223509150280423
89 0.02218541261344967
91 0.022959845583945895
92 0.01883086244151934
94 0.021717467655783907
96 0.031288039208630734
98 0.02694783227177311
100 0.025539360305527368
102 0.03111852758175952
104 0.03195061499534273
105 0.02929694210784766
107 0.02351469580921038
109 0.018343212670970388
111 0.022358333755096486
113 0.03155951114525075
115 0.01938891036491309
116 0.023944128902689436
118 0.022847526112399236
120 0.03171720538714074
122 0.02434730316984127
124 0.01829270630587221
126 0.02157070051967575
128 0.018778242308591667
130 0.022476720599160314
132 0.023901752836053447
134 0.025805609679401605
136 0.02455519572372991
138 0.01954774134578021
140 0.020355094280667174
142 0.03316172870464129
144 0.020436391332660096
146 0.03171507417432389
148 0.02082395200919349
150 0.020997107032633567
152 0.0231632409589461
154 0.029448763477551765
156 0.019197085409200117
157 0.01982389287413563
159 0.019775865070526907
161 0.01968206369231022
163 0.02062894911408719
165 0.023883690492485954
167 0.01940488733729377
169 0.01771683423941801
171 0.017492862252673172
173 0.03074040401374059
175 0.023098697655645612
177 0.023292113135842493
180 0.031337670029535046
182 0.032493472037894836
184 0.027602905032396215
186 0.030915892921179876
188 0.02536187464941913
190 0.023774065305066944
193 0.033820962659337726
195 0.023716753189216348
198 0.02583276067042443
200 0.02284637700123299
202 0.022386542013838568
205 0.03085894057653462
207 0.027171694666388645
209 0.023406301273294874
212 0.02119298980814738
214 0.05611267165355415
216 0.025114733982434245
219 0.027101240371136724
221 0.03661011466205945
223 0.02814149405115529
225 0.03650468296250627
228 0.02550281679998376
230 0.017003482792331326
232 0.02162040978648368
235 0.021268880479217007
237 0.01779917797899971
240 0.028985034383327484
242 0.02462940591844958
244 0.0288756285051416
248 0.031284654729006434
250 0.020172661627607516
253 0.020655593060310326
255 0.03019194958956284
259 0.023481886574662287
262 0.02797972574378611
264 0.028163887355487662
266 0.02357102859562711
269 0.034985150761633985
271 0.027823437553320816
273 0.03306604975525835
276 0.02498467592737441
278 0.02251563355462492
280 0.018550654235621335
282 0.025043728595719017
285 0.020779767849833302
288 0.030001463144688365
290 0.019918488081481202
292 0.021689333965980495
294 0.023708830744733216
297 0.03501497549537082
299 0.02604531999166791
301 0.028313581607494597
303 0.028008362349222438
306 0.038667529998806766
308 0.02336273642220969
310 0.027491320606936428
312 0.024851485841829963
314 0.042210619863864776
317 0.02076234758635823
319 0.02426148226102214
322 0.028217834177389572
324 0.02873177589748095
326 0.027673380995032575
328 0.02665679854427002
329 0.03464637477129031
331 0.019890302942451917
333 0.025648334876610657
334 0.01908599031263236
336 0.01905006329327029
337 0.01800877022469649
338 0.01961462918492411
341 0.024105706471135257
343 0.02641909811327773
345 0.022449091822623914
347 0.0198727592481589
349 0.02342926899837039
351 0.016787069544428896
353 0.019950373773745866
355 0.018028717675092235
357 0.018375895279879605
358 0.024045454799651367
359 0.021345994738453555
360 0.016532899420943586
361 0.017690703157200005
362 0.014357705921781871
364 0.019534551970718354
366 0.026977736175684948
368 0.02000684842515538
369 0.007662807154645179
370 0.01540911265735448
372 0.0266518363866588
374 0.019402046080912783
376 0.02630592188098433
378 0.02665197865471381
380 0.023677097820296922
382 0.022453695242572937
383 0.022426344207688197
385 0.04356195601982402
387 0.03071706173907766
389 0.04560151937682022
391 0.017673592327051447
393 0.02651553404411052
395 0.032284322341869
396 0.03490391061107884
398 0.030082923565672104
400 0.016905933706006612
402 0.024345677137752375
404 0.021368394990929573
406 0.016968986035858995
408 0.01716490700664209
410 0.02041436564601277
412 0.030811390391720903
413 0.02227827853843783
415 0.028616675566127014
417 0.02431856316759351
419 0.020618171517267473
421 0.017759451371224932
422 0.015542815734867028
424 0.03030481678304871
426 0.02002351940076134
428 0.0188696270381254
430 0.019264673300067547
431 0.027042170802773352
433 0.03368293509273718
435 0.024483676316134333
437 0.01987855155752527
438 0.034392749914718
440 0.016939379537454613
442 0.02782363755274584
443 0.007171279761166716
444 0.02353440881667914
445 0.01977862813532738
447 0.020466755228054485
449 0.01869000996159751
451 0.021182810318720158
452 0.03127969748132888
454 0.028544123140469915
456 0.02275384872768882
457 0.025463573781376425
459 0.019141838444750193
461 0.020654304333797762
462 0.018007355367532795
464 0.029725757877096727
466 0.017485011206214755
468 0.030518105381053085
469 0.02635253058963845
471 0.0246063391311111
473 0.035581484269231724
474 0.022549288543852224
476 0.021186416111316032
478 0.018228961584128456
479 0.020605030969836558
481 0.024737677303474728
483 0.025997293852634586
485 0.02138463893749732
486 0.03889908345052717
488 0.025974435124005088
490 0.028525532525248667
491 0.029210250590887717
493 0.017903363903559132
495 0.01591764317877775
497 0.0321491352382418
498 0.020617768534417363
500 0.019377036158160714
502 0.021204628044658117
504 0.02407758573124362
505 0.021843667350154305
507 0.021138368358438325
509 0.021662253134903626
510 0.017272099523273708
511 0.01712560477437819
512 0.02271304159402414
514 0.0246367524480783
516 0.02441625186967163
518 0.02040043560673102
519 0.019205330768121105
521 0.026406178618731246
523 0.02108593062822845
525 0.032111278825080566
526 0.02472806587314023
528 0.028514605567067974
530 0.03444476572074217
532 0.022884664874579488
533 0.029291248476420152
535 0.0450886276150186
537 0.018191882425903236
538 0.017419977739082458
540 0.033955841924942186
542 0.026131823973925678
544 0.03191303598145089
545 0.022346017669527405
547 0.018429243614459665
549 0.026744108748158833
551 0.025057727812316483
552 0.011839585240181805
553 0.028819191695615268
554 0.028170621666045007
556 0.03127178412159323
558 0.02577276618031192
560 0.028740471310801815
561 0.018568514858979295
563 0.022447433004401773
565 0.026224644661615806
566 0.03501753369936095
568 0.031221449938963513
570 0.021318326970315053
572 0.021373984900051254
574 0.02587368470354208
576 0.022328061842902414
577 0.027482710452485855
579 0.026605025608859023
581 0.020589746116280595
583 0.028339640927116407
584 0.01956685278318436
587 0.02264225856611515
589 0.01708556557690031
590 0.025590096959174642
592 0.024751089763549318
594 0.028266768964199076
596 0.021913861420955527
598 0.04124200230249642
600 0.019415077440197156
602 0.030065810664141806
603 0.01836021330789858
605 0.028925083537292028
607 0.015378174538016407
609 0.02628727977819549
611 0.021808679884670442
613 0.022667105171242503
614 0.0275261279768804
616 0.025274048304671243
618 0.022370228518590402
620 0.020196116626793395
622 0.030802991355109215
624 0.037222025065667755
626 0.02366955229915338
628 0.01873988179645144
630 0.019923312657366212
632 0.036500666665320376
634 0.02155213002067344
636 0.017881139402859958
638 0.015325382201611622
640 0.018430212554704895
642 0.03212162266593547
644 0.01672033218522352
646 0.02764640036486656
648 0.023741378235697014
650 0.020943562072994207
652 0.03788340150356903
654 0.021720407523018462
656 0.02075718546216328
658 0.02107447910961319
660 0.022117657355668792
662 0.021137098505776174
664 0.03353541066869781
666 0.01741905285900458
668 0.016996164849899742
670 0.02584497954753336
672 0.025975996427433756
674 0.016139512358449792
676 0.014575676219447605
678 0.025591489275512913
680 0.02451528482575213
682 0.027114536646105795
684 0.018543820279212753
686 0.0188423810549466
689 0.0199268961315948
691 0.021803907457842796
693 0.02303748751540167
695 0.02361104315038379
697 0.027931808846932426
699 0.020358587504963572
702 0.019813390699670207
704 0.01953383610216839
706 0.023076596690915115
708 0.02400390636793759
710 0.021324958089302015
712 0.02370991828568947
714 0.028850883198065894
716 0.01807658097165472
719 0.020747628624744722
721 0.02704408056080183
723 0.021652419741237147
725 0.024073157129331103
728 0.01731298967258681
730 0.02529863404763925
732 0.030584622119530044
734 0.02426204708759201
737 0.02719806597938259
739 0.02106743459349521
741 0.02263630457481988
743 0.025471528696291063
745 0.04250364026502078
747 0.029082251472800635
748 0.023886964995320645
750 0.020301090382683167
752 0.019252169847532058
754 0.021562539205334966
756 0.025581178753128597
758 0.019544192351322397
760 0.025092784428041644
762 0.025977941314173286
765 0.026009484290254833
767 0.04370033881550419
769 0.01653764816084428
771 0.025607123200905753
773 0.018049352530624674
775 0.017269719264235345
777 0.026251515699937045
779 0.017639090339427736
782 0.02683300393590818
784 0.04498021710380584
786 0.02307797576243146
788 0.01718766072507947
790 0.022907341894227783
792 0.02400693760382398
794 0.020931612403166905
796 0.034601370794902664
798 0.02769803668790068
800 0.028126932018084163
802 0.028891236494580932
804 0.016979869606637676
806 0.022319822310733303
809 0.024112206192664114
810 0.0207157387760976
811 0.018456262301469906
813 0.022710142058400606
814 0.021912064277137728
817 0.021203493419821987
819 0.01549380345179685
821 0.02956823441753559
823 0.025664322804104245
825 0.02262955778256198
827 0.04043861004665706
829 0.02558879363127886
831 0.011922831481541607
832 0.025067369205607468
833 0.023910271762675246
835 0.027078054323049782
837 0.02708685606903734
839 0.017389535435948827
841 0.032025825784980304
843 0.024916564866089175
845 0.024947337440203228
847 0.023545421965768094
849 0.02126723818301457
851 0.024932220596269872
853 0.02394789792084512
854 0.01921441289719248
855 0.011086722882813168
856 0.017893721009873582
858 0.017936397450540653
859 0.02291942141656591
860 0.018292364312287646
862 0.02171482549287798
864 0.03025869031286406
866 0.015941893790641513
868 0.021484249632856195
870 0.02055416174567881
872 0.0197642952553565
874 0.025688916935369628
875 0.031215185100870218
877 0.03281207397851915
879 0.015979141167900935
881 0.021411800534890932
883 0.01676365836599795
885 0.023216494053403695
886 0.01796876820376762
887 0.008457896440518198
888 0.02741026499921241
890 0.027984774127637193
892 0.02217700512641348
894 0.026775238006594225
896 0.0293730122238445
897 0.03547230303317776
899 0.01824784503193249
901 0.01742740352905717
903 0.025756893652002913
905 0.021587854988665105
906 0.02846257469642573
908 0.020111716930108513
910 0.023180052894180455
912 0.02770328735104905
913 0.03007920148420453
915 0.02687703769787972
917 0.028279571406201853
919 0.019732648586731873
921 0.02251950317353455
922 0.02528581234896137
924 0.02097046602127648
926 0.024391953051215696
928 0.018522644962644108
929 0.03805237039456642
931 0.021907687595868
933 0.024048774393649136
935 0.0318491555215838
936 0.01735073631756937
938 0.019682881631069904
940 0.026567513568443245
942 0.019784232699338565
943 0.024931316345378433
945 0.03016638839180814
947 0.022726526184106886
949 0.02815641522641707
950 0.01768024740567853
952 0.030955524874798357
954 0.03039086134238289
955 0.023129667363678785
957 0.01879620683997552
959 0.016774236650478867
961 0.022550194267340805
962 0.02063462711713609
964 0.04635748648961453
966 0.02108903652898382
967 0.04426508775229433
969 0.014228509045437931
971 0.021142287492466494
972 0.015325835114715858
974 0.021834064702582916
976 0.020517706551475254
977 0.020475419968048216
979 0.018225581529729123
981 0.026624817429582965
982 0.015097043314643666
984 0.024729934197135543
986 0.020064751330856077
987 0.02221802897566426
989 0.02740086131978842
991 0.023326780155223048
992 0.02196422017369479
994 0.01851156201229287
996 0.021043967998956588
998 0.020395533920009257
999 0.02161128129091594
1000 0.030113126522223865
1001 0.026866757491794832
1003 0.023299388184921492
1005 0.033587996570361156
1006 0.018264482992570663
1008 0.020416085149874006
1010 0.019672537750496606
1012 0.03368336142028468
1014 0.027790354611026583
1015 0.021111824559207272
1017 0.021971132399250887
1019 0.03345440732488214
1021 0.019707748896332936
1022 0.02473212998588224
1024 0.01846692660609127
1026 0.020712291265389076
1028 0.020466730949974157
1029 0.022545096342703214
1031 0.03480814401445968
1033 0.020070269709528722
1035 0.027195429238700258
1036 0.019409584405236404
1038 0.023534442934295508
1040 0.028141509208974944
1042 0.019447297973143082
1044 0.022208656037739936
1045 0.02300643941654812
1047 0.019714283253119903
1049 0.024695123701812916
1051 0.022245176481717976
1053 0.019763673051556907
1055 0.021455076035954333
1057 0.018201149952895266
1059 0.018235201853137064
1060 0.023081900974958103
1062 0.020169811788253934
1064 0.019883945369808014
1066 0.016493594036479837
1068 0.0293125502194016
1070 0.021318826481883997
1072 0.023610349034769523
1073 0.023247101688387995
1075 0.017978504153297256
1076 0.030805145960162657
1077 0.03403759115367393
1079 0.020007815218662017
1081 0.023901207906703803
1083 0.028955288109986297
1085 0.03151879573998225
1087 0.02143790100286651
1089 0.02571566479335107
1091 0.018665012883167565
1093 0.024271998935382726
1095 0.017222550021456715
1097 0.029582395642086742
1099 0.026003253598177747
1101 0.018856236736182835
1103 0.021722646114154566
1104 0.032224843625142184
1107 0.02348852799633505
1109 0.025050049183451134
1111 0.031147312013916708
1113 0.021668488438990607
1114 0.007271279761653204
1115 0.03137905531808168
1116 0.02751631080517385
1118 0.027052650653541396
1120 0.017268537041587706
1122 0.022140677237155827
1124 0.018604473638621735
1126 0.030518862464467538
1128 0.026127265911122778
1130 0.02125037679250649
1132 0.022336747772225777
1134 0.020803414612471118
1136 0.034616111455524005
1138 0.03036707933169007
1140 0.019591772174570515
1142 0.02523372052315732
1144 0.03294559876742179
1146 0.02914875018339109
1148 0.01952785860325285
1151 0.01194910585229536
1153 0.016905643350488237
1155 0.018508464438809824
1157 0.03145099625404176
