0 0.006097373949579621
2 0.00761373425606673
3 0.008631043186369721
5 0.0073251115742637655
7 0.007981215659332118
9 0.007943447281236766
10 0.008061206159620265
12 0.007557628091166729
14 0.008090135835915913
16 0.007980719958224376
18 0.008182692069415052
19 0.007615756753557079
21 0.007373457604707585
23 0.007285267857133941
24 0.007227083333322071
25 0.005790178571416504
26 0.008603542313660215
28 0.008638201530605016
29 0.010438300488169084
30 0.009588920843007406
31 0.008474883984362228
33 0.006991859991783442
35 0.00747130113770685
36 0.006982987956628822
38 0.00722877631873331
40 0.006896194727993077
42 0.006975355133471011
43 0.007818855311960249
45 0.008161979166754207
47 0.006102024657344884
48 0.004487512715790842
49 0.007468875000097341
50 0.009298721153875533
52 0.008701429873768112
54 0.009235269349273286
55 0.00835653698988129
56 0.008332198660801371
57 0.00800951597752873
59 0.007933454743423394
61 0.007484776785808478
62 0.008840254963077054
64 0.0081158730159648
66 0.007001600121706986
68 0.006933482142928223
69 0.007975586970990397
71 0.007340626796780232
73 0.007600023496337371
75 0.00901577830277989
77 0.00767476306212621
79 0.006986250000075245
81 0.007683958333407759
83 0.008643013229255612
85 0.007101375543576359
87 0.007087993421150354
89 0.007059509703484356
91 0.006825240384698689
92 0.0070798949134882605
93 0.007285267857170652
94 0.008385321853813526
96 0.006860017533530716
98 0.007751082554705135
100 0.00833209535955579
102 0.007324690179298646
104 0.008061795372053381
105 0.007894061702051664
107 0.008366533373987295
109 0.007285267857242253
111 0.007033922778811074
113 0.007006155626268651
115 0.00948931737031068
116 0.01082820417328397
117 0.006962861434482192
118 0.010444610139189918
119 0.006288541666712888
120 0.007904750763024139
122 0.007712436224569582
124 0.007757401315873237
126 0.007594596674969733
128 0.008282366271605964
130 0.009323991710071968
132 0.0076357344698822415
134 0.008747189290824796
136 0.007745578142099965
138 0.00798638965207925
140 0.006405803571572519
142 0.007476024770707252
144 0.006813134398595965
146 0.009854973169028527
148 0.0070376680068751085
150 0.007427657313033229
152 0.007301934523940901
154 0.009046243375712899
156 0.008281994047725524
157 0.007292771291323911
158 0.007285267857326971
159 0.008172046223526195
161 0.0070212405702828416
163 0.00821969866080785
165 0.007109375000127597
167 0.006202374528564741
169 0.007019562544446076
171 0.007920698485566969
173 0.009006727637483891
175 0.008071689726095883
177 0.008099099034430068
180 0.007534200270293922
182 0.008314655219227992
184 0.007937985589545737
186 0.008281994047725524
188 0.007825529869854736
190 0.007532947573116644
193 0.007779756554660243
195 0.008155085845542089
198 0.007036086309675227
200 0.008489545336309115
202 0.006448017857279637
205 0.00808050823267709
207 0.007797235213472405
209 0.00784592633936576
212 0.007205106472325625
214 0.009019179350465317
216 0.00833434004874107
219 0.009210360552182238
221 0.0076674337081693075
223 0.007893821455965622
225 0.010275446428693158
226 0.007295854591926546
228 0.007904397071653281
230 0.007964853896196318
232 0.007025252329317827
233 0.007285267857326971
235 0.006911495535822709
237 0.007617509920688942
240 0.0069245472283364015
242 0.008652033520234
244 0.009590030691609942
248 0.007325267857243034
250 0.007170035866440827
253 0.007921329425105483
255 0.008704312327364506
259 0.007004017856456271
262 0.00718482142783149
264 0.008813311771423048
266 0.00724833640248669
269 0.008770388303585008
271 0.007194355361039449
273 0.00898292066477521
276 0.007095058496808069
278 0.007334656954236307
280 0.006856249999336228
282 0.007795982141866868
283 0.006469764609794931
285 0.008972811345674457
288 0.007445686386546413
290 0.00678502828914621
292 0.007014158824578739
294 0.007209548938464506
297 0.0069113485090378885
299 0.007290968405844576
301 0.0074177541202293295
303 0.00744476468785867
306 0.007492309010160625
308 0.00784866071342094
310 0.0075392222941985665
312 0.007108334524614198
314 0.009951370984682538
315 0.007285267856502742
317 0.007933232790097122
319 0.008765906922883976
322 0.006370304232158712
324 0.007173869046956345
326 0.007361975930863358
329 0.007471898435729448
331 0.006735673832961398
333 0.0087056605399246
334 0.007738640872155934
335 0.00691383928489943
337 0.006878221116678452
338 0.006612207202323361
339 0.005790178570741489
341 0.006665943876953406
343 0.0068801936437460475
345 0.007157412899878388
347 0.007158128123602836
349 0.006500363102993055
351 0.007139464285037889
353 0.00710489026914729
355 0.007285408869583127
357 0.008032083168172579
359 0.007964568648421018
361 0.008017866243680298
362 0.007468214671966204
364 0.008242271614498975
366 0.008933214284706992
367 0.00804207589198569
369 0.00674899553500552
370 0.006929712300884855
372 0.007469223683283521
374 0.006930405667039058
376 0.006962470478346073
378 0.006629925886844184
380 0.007230357142125285
382 0.007509187029307596
383 0.007798409698425855
384 0.007337291665896828
385 0.00715616793764795
387 0.006601397467204606
388 0.005864285714039852
389 0.007258282129646432
391 0.007102361963829719
393 0.009200507595870988
395 0.007600566620243836
396 0.0069222606791333454
398 0.006842628346586956
400 0.006657434752018896
402 0.008710480965734272
404 0.007128300381964436
406 0.006914583332694235
408 0.008376879177594295
410 0.0070986855127055035
412 0.00875333173213022
413 0.006326091106780709
415 0.008111451469451718
417 0.006537723213700275
419 0.0071611533859683935
421 0.008123566186782227
422 0.007137946427743221
423 0.006646577380106717
424 0.0077010060769566735
426 0.007714023918996165
428 0.007455654761271389
430 0.007430586060502933
431 0.007365784438032311
433 0.006990112608978348
435 0.007310452539646424
437 0.007370265150693844
438 0.007474473729721673
440 0.006838053570745615
442 0.007929205569885548
444 0.007312578780713733
445 0.007514238990552258
447 0.007700635410980216
449 0.0070276438283192535
451 0.007462498409907425
452 0.009066915760214263
454 0.008545625449623154
456 0.007247926586541098
457 0.007303344816926937
458 0.006687232142292032
459 0.007115281592597547
461 0.00840077311242821
462 0.007446334891306761
464 0.007092636515757533
466 0.006871180554852614
468 0.007061989795135203
469 0.006148589073588413
471 0.006912987012252746
473 0.00674899553500552
474 0.008081959589958387
476 0.0070710582909937
478 0.007170360514240464
479 0.005790178570975968
480 0.007331171217696037
481 0.007277397556972277
483 0.006838295388314164
485 0.010098986809854042
486 0.007392188733401639
488 0.006840448777510525
490 0.008741880381442968
491 0.009528392856432788
493 0.006808581348574687
495 0.006829710590364294
497 0.007304569861970224
498 0.006821013548690102
500 0.00698645992204029
502 0.006929173135861417
504 0.008888006458451513
505 0.00882109798991399
507 0.007742440864979017
509 0.008088208582348797
511 0.008740206584359624
512 0.0074375230294175965
514 0.01079622326453238
516 0.008642317298621392
518 0.009231849108568028
519 0.007675291148436135
521 0.007504613094344374
523 0.006638254942487265
525 0.007726634519727327
526 0.006776877767379119
528 0.007217860062595442
530 0.008395343347217477
532 0.009897747858699717
533 0.008450494087621033
535 0.007262796376608094
537 0.006953025792761814
538 0.009066973822086766
539 0.006953025792742867
540 0.008082648808908743
542 0.006214300739047344
544 0.007844149435467634
545 0.008586295814249448
547 0.007285267856386348
549 0.008224454304085653
551 0.00822288296164889
553 0.0074833557189385325
554 0.00856317593577746
556 0.007881815216837122
558 0.008021404256447795
560 0.009254374999227367
561 0.008423336038493868
563 0.008151032711629745
565 0.006798928818351241
566 0.00763705357074768
568 0.00781208545860831
570 0.007625123151903044
572 0.009152327051170313
574 0.009138624905729515
576 0.009587155826965421
577 0.0072852678563787195
579 0.00805256545182991
581 0.007349440374009457
583 0.007421185064153881
584 0.006365056681621202
585 0.006858099488871024
587 0.007544523783340082
589 0.0071191468244870115
590 0.008006486343828435
592 0.007287150476978847
594 0.005874774520891965
596 0.007301057329892788
598 0.0072569258334905335
600 0.00788330357068503
602 0.0073748333973711055
603 0.00820428080199868
605 0.008688727648814166
607 0.007285267856467761
609 0.007699404761183359
611 0.007179475943753947
613 0.008576123903642005
614 0.008651022219324707
616 0.0070167885649987894
618 0.008966778369006573
620 0.007126049874609014
622 0.007408730210689403
624 0.007929278401962846
626 0.0069946748537799254
628 0.006817358192152182
630 0.007574207642422456
632 0.007162213071723045
634 0.008281994047001718
636 0.006813134397589238
638 0.006528768237685654
640 0.008993941325944175
642 0.00827674851157667
644 0.007883303570902172
646 0.00959106170900598
648 0.006753396862518457
650 0.007027069804249467
652 0.007616411962345637
654 0.009581431678397066
656 0.008158063170342827
658 0.007903319898224482
660 0.006926045476616723
662 0.00824212499947862
664 0.0089022771720951
666 0.007160136390573577
668 0.007245513392160774
670 0.006350837052757186
672 0.006620783729292473
674 0.006537723213178026
676 0.008825786900318305
678 0.006672721361985202
680 0.009302975237920919
682 0.006660852300623638
684 0.007046053570461481
686 0.00848133928514585
689 0.006986249999289385
691 0.007637053570526993
693 0.008262013381286556
695 0.0071191468244870115
697 0.00801639757854327
699 0.007876636903924246
702 0.007324776784844289
704 0.007930983286496485
706 0.0084636847523449
708 0.007571663650496289
710 0.00675755208786768
712 0.007807031291275734
714 0.006838001030541818
717 0.008456193018213298
719 0.007792762357237532
721 0.007836474173986804
723 0.008515201540911187
725 0.008283995724013948
726 0.006687232141734967
728 0.007063773147318965
730 0.00798684752663803
732 0.007476180873112526
734 0.007592447377068429
737 0.009002505485389415
739 0.00761386518426832
741 0.00898394768964171
743 0.007728778814048888
745 0.007158331932819588
746 0.006620783729052467
748 0.00660568181727554
750 0.007675878455514858
752 0.008250697710565191
754 0.007296491849263021
756 0.008425819123310837
758 0.007947832556218917
760 0.007318770291621232
762 0.007575446696497086
765 0.00816596798315752
767 0.009219077237745902
769 0.007755176444853922
771 0.00806460959309414
773 0.008928845006539631
775 0.007532947572103694
777 0.007462766669133006
780 0.007484828029926296
782 0.007031696427682856
784 0.008340624999337867
786 0.007924939872588346
788 0.007818342390504293
790 0.009157199379640386
792 0.008637839083903868
794 0.007513902514409665
796 0.007826760295967216
798 0.008512259614865169
800 0.00917077425053776
802 0.007303185480688106
804 0.006272176994718179
807 0.007175104226414413
809 0.00929156747694151
811 0.009396517372760049
813 0.006995363229593336
814 0.004295089284823916
815 0.007793654336012423
817 0.0070111235111135605
819 0.008531175594754359
821 0.007225490520728205
823 0.007853561433064118
825 0.008105020377026253
827 0.007305828188529966
829 0.00835826058245459
832 0.00794320968844074
833 0.007988839285042773
835 0.006872667409845689
836 0.004295089284823916
837 0.008168653517966758
839 0.007285267856224209
841 0.008161470555244384
843 0.008585623092164952
845 0.00965969539064255
847 0.010514180632185344
849 0.007044128509528491
851 0.007127890036665457
853 0.008480494772306883
855 0.008399754345305155
856 0.007655097141508804
857 0.007055254120079833
859 0.008361732142184337
860 0.008094184679712749
862 0.007964853895337208
864 0.008412130655468739
866 0.006405003263146434
868 0.008316363915512204
870 0.007226053639073896
872 0.007276181730232912
874 0.006953025792742867
875 0.008991539960954304
877 0.009521069784725
879 0.006868177381615429
881 0.00765905204777146
883 0.00912269663042764
885 0.009195775432150347
887 0.0072970253979873535
888 0.00881756740513725
890 0.007285267856231899
892 0.008141347163212445
894 0.008409876932276461
896 0.008775528024007145
897 0.011772676269364032
899 0.007534449404298964
901 0.006986278885700117
903 0.007860302197116198
905 0.008353116692345654
906 0.008624173893021439
908 0.007055254120066716
910 0.00733512602098265
912 0.006405803570333666
913 0.007267144700819017
914 0.008139604591227518
915 0.00720741861875922
917 0.008598107924520093
919 0.007293068608383261
921 0.0068367410705207025
922 0.00847772467686322
923 0.010275446428181567
924 0.009255145224631178
926 0.00942597163771766
928 0.007817179099152905
929 0.007846063941967615
931 0.006748461197118905
933 0.009014368180505699
935 0.00833933531695013
936 0.007415275620315776
938 0.007472154017214905
940 0.007466913038766821
942 0.007165660713476427
943 0.008780357142654793
944 0.008115873015166622
945 0.006775236343414422
947 0.007409858630168742
949 0.009487208473247154
950 0.00884502550974546
952 0.00851022037228688
954 0.009909797707734924
955 0.008121782779805168
956 0.006687232141734967
957 0.0073917886047100085
959 0.007546949403793708
961 0.0089107119009455
962 0.007812946427667852
964 0.01054501253217851
966 0.009139646914401769
967 0.006969796706243869
969 0.007348916169843278
971 0.008156883934938615
972 0.007600023495725557
974 0.008344706012830253
976 0.008312782874590516
977 0.008915562816589784
979 0.006873593749088513
981 0.0071596840264334105
982 0.007745295329143049
984 0.007863937843454166
986 0.006745987768898554
987 0.0077452953288544586
988 0.007783630951886759
989 0.00896357533176079
991 0.007081642865692817
992 0.00927872023762196
993 0.007451388887987933
994 0.007000367646021325
996 0.0075152815928819245
998 0.006750183822713124
1000 0.008493411961007556
1001 0.008872480890938542
1003 0.007606204104983287
1005 0.0070962512765891
1006 0.007534449403938955
1007 0.00579017857035069
1008 0.007630288460846329
1010 0.006361674198170807
1012 0.007978784937291572
1014 0.010269420784560506
1015 0.007399036519651101
1017 0.007461160713406197
1019 0.007082933874848526
1021 0.008070903360663472
1022 0.00774050853958571
1024 0.008219698659971186
1026 0.007754268709557157
1028 0.007909553570971183
1029 0.007178475764622557
1031 0.008436805234305211
1033 0.006514422826987119
1035 0.008281994047460254
1036 0.008469198850023184
1038 0.007935306676166005
1040 0.0071885084105360875
1042 0.00877037743197434
1044 0.006411043102282158
1045 0.009938504266574454
1046 0.00840658482094625
1047 0.009946123677512955
1049 0.007367923069176341
1051 0.007374383952466701
1053 0.007757401315063218
1055 0.008890819644420844
1057 0.0074015046286940896
1059 0.007122784230748241
1060 0.007348105399346009
1061 0.00579017857035069
1062 0.00828199404698656
1064 0.008591541064600373
1066 0.006786904761175568
1068 0.008409584323102435
1070 0.009228520373117135
1072 0.007664607180089433
1073 0.008586961658599701
1076 0.008290487998932703
1077 0.009067268968772168
1079 0.008002910713476013
1081 0.0071637694075528495
1083 0.007637106283482353
1085 0.008139726387502091
1087 0.008346646063239404
1089 0.007686656245056156
1091 0.007461160713934506
1093 0.009113034795910203
1095 0.006711458333029441
1097 0.008305027540304962
1099 0.00803477605431281
1101 0.008868303571235255
1103 0.00814955357084139
1104 0.009154129464064908
1105 0.007036086308668625
1107 0.007472154016852528
1109 0.007285267856588007
1111 0.00863440914466602
1113 0.008845861854768844
1115 0.008231211073000221
1116 0.0077428406078878555
1118 0.00803212452475626
1120 0.00800473176081141
1122 0.007494558517590059
1124 0.006927290371688445
1126 0.007142878400816785
1128 0.006954496063575502
1130 0.00784592633837633
1132 0.00773379464176287
1134 0.0073181565540959455
1136 0.007025252328651771
1138 0.0076759064741379135
1140 0.007300551220396301
1142 0.007733794642047087
1144 0.008232168360576142
1146 0.00749916755710779
1148 0.007883303570315548
1149 0.007036086308668625
1151 0.006548305001490462
1153 0.006146152210465603
1155 0.006895244564445776
1157 0.009890746233736536
