0 0.045704645402249645
2 0.03623074057589827
3 0.04266618153958737
5 0.04712579297797159
7 0.02584175877826723
9 0.047853776658860335
10 0.03731159935506234
11 0.051749089232662276
12 0.042944856598239954
14 0.03058868348368089
16 0.03320674501305495
18 0.032870042222343444
19 0.04476451388492016
21 0.03510804148111712
23 0.051495499259935004
25 0.03690634129551259
26 0.040130091449318055
28 0.04576927257513142
30 0.05101127468407946
31 0.03530408079135583
33 0.04629906633110486
35 0.05410225990809937
36 0.04100953765494131
38 0.04253421515757723
40 0.03639007892240417
42 0.03895345545872999
43 0.04084596969832148
45 0.03687942891757449
47 0.046470728765041124
49 0.05341348569405291
50 0.041648557429938
52 0.044295843806596916
54 0.04078978191701266
56 0.06954762509516808
57 0.0552882377024564
59 0.036409112888463824
61 0.03290780174274409
62 0.07362691517172103
64 0.03846816276213978
66 0.03963292907213356
68 0.0387521233593894
69 0.04642968338169453
70 0.055839529149096734
71 0.05448136425185282
73 0.04603677156707183
75 0.04818240808234222
77 0.047995484941326876
79 0.041185917935490576
81 0.046526970280574176
83 0.05145057255005732
84 0.050304087806160344
85 0.04609983362637493
87 0.05697584193426053
89 0.038986820546281185
91 0.043872185822060004
93 0.04538530337486451
94 0.06411536251138798
96 0.06085599266617366
98 0.039032141076057604
100 0.04938324588606887
102 0.04248321112497734
104 0.04327338080353659
105 0.04815928516368104
107 0.03303250805581863
109 0.04110764611649191
111 0.04866892238512902
113 0.045613620898232635
115 0.0489830153787692
117 0.05869870485588506
119 0.05190340991860523
120 0.040328900819361704
121 0.05009022660177515
122 0.048633220782777084
123 0.03887316411652364
124 0.052729173069578236
126 0.043110471368088515
128 0.04788406709604901
130 0.04880334158406841
132 0.05924543384060099
134 0.051487402440676636
136 0.055918146206384155
138 0.044066108863067714
140 0.03369756887909919
142 0.05197989883323645
144 0.048978638930122505
146 0.04927072781987812
148 0.03210822053736761
150 0.04494823118667682
152 0.05429841159687383
154 0.03782318791090812
156 0.058948710759458275
158 0.04332140213397626
159 0.05016895465182732
160 0.040582249053002784
161 0.05077590641097496
163 0.05401954803322104
165 0.04283029103771915
167 0.05370107937761759
169 0.054779407080611194
171 0.053505202785595264
173 0.06451172083214758
175 0.05828258733994523
176 0.07453841609662552
177 0.03331973215113919
178 0.055549311299517845
180 0.03309404098523129
182 0.05256686554347567
184 0.07153998383464778
186 0.04464514980276947
188 0.03911907189381395
189 0.06760597663071621
190 0.04714572278039597
191 0.07343238880386523
193 0.04998417164590224
195 0.044062441905330686
196 0.054367327432572665
198 0.05890545239509951
200 0.04494658878251011
202 0.05326635274402169
203 0.060865567448360955
205 0.057839754519165315
207 0.04289959802738387
209 0.04952510913636106
210 0.052823307685478625
212 0.08453774001527604
214 0.05377815713552615
216 0.03893910087670995
217 0.06065570625708731
219 0.04554805334573734
221 0.05219968770655965
223 0.04552030772655118
224 0.05423773672273222
226 0.05769328721491762
228 0.042513642699188475
230 0.05966641133273372
233 0.04784936087920855
235 0.03733272399312813
237 0.056879544877968286
238 0.056837942951169396
240 0.04445586313164348
242 0.03604518120158357
243 0.050517936158923395
244 0.03495503481778428
245 0.06053865180559999
248 0.048641140135572414
250 0.04501176377989111
251 0.02779033044682719
253 0.05236332807221844
255 0.056339134242406885
259 0.052386296943555795
262 0.038495689877607445
264 0.0480164259747997
266 0.03924511380785134
267 0.06472244144147155
269 0.045545886496843525
271 0.04594694169653354
273 0.051330324744344895
274 0.042770325653002865
276 0.04728525508243706
278 0.05102089623610622
280 0.04687804527191574
283 0.0659928552440016
285 0.04841947355289378
288 0.05053871453044788
290 0.03934079806509585
292 0.04344706117942313
294 0.03969219693674624
295 0.04907145525828582
297 0.06937359726497468
299 0.038967431249852615
301 0.07561877829946836
303 0.030673528755033885
304 0.05327793014930333
306 0.05656512767220124
308 0.04127166450445827
310 0.03879938466945099
312 0.06113824493333595
313 0.049570479138857794
315 0.056227551599469114
317 0.054144964181374065
319 0.05724359309836521
322 0.03763473449043606
324 0.029144912622661598
326 0.05410406407362467
329 0.03917957857115617
331 0.053246621010277495
333 0.04902996811369549
335 0.051059503895474034
337 0.037556661164871274
339 0.04628364102064948
341 0.0494641963263088
343 0.05210139870865361
345 0.04510549962238386
347 0.04135333813447237
349 0.04970042509996767
351 0.061777563964813875
353 0.031292524838602453
355 0.027046382162284034
357 0.04802148674572928
359 0.04029879829286439
361 0.05780240445295602
362 0.05058996859315812
363 0.0679808526546444
364 0.047163110707221276
365 0.047996379460778886
367 0.06382375340556987
369 0.04759454783549207
370 0.044483330726394855
371 0.06430910265210671
372 0.04525902540331117
374 0.03332999198333998
376 0.052655252009354094
378 0.03348421752589003
380 0.03940832735564994
382 0.054103614752138
384 0.05655665751850604
385 0.036421521394553714
386 0.05247366205334146
388 0.04522175266780841
389 0.05179397687319514
391 0.0397930935092543
393 0.054938642665720225
395 0.06040307879471663
396 0.04529775436679315
397 0.0432155738881382
398 0.03751224093932874
400 0.03447691356381077
402 0.04850211267488589
404 0.05189203357757868
406 0.061316884614555534
408 0.03266885696868141
410 0.05639816576086323
412 0.034385617673175294
413 0.045962567219021366
414 0.04762182373747059
415 0.041179837652830495
417 0.0387285817023342
419 0.047692427342655365
421 0.04296330534290454
423 0.06128788549318788
424 0.04617895392125604
426 0.05269711281633477
428 0.04823291621930852
430 0.0330331168953677
431 0.041006084390801334
432 0.05362830899933816
433 0.03869119737219629
435 0.035334400211279496
437 0.039578275417282816
438 0.050353752122480895
439 0.0570187858353961
440 0.0289156287928926
442 0.03629522957072595
444 0.029047081479197125
445 0.04550776894375809
447 0.038615169648208256
449 0.02765833451175476
451 0.05302031568416412
452 0.06195495806107374
454 0.04620334949826711
456 0.043135347818636004
458 0.032252728026675795
459 0.04469671953209134
461 0.04331533911325458
462 0.033298937099072064
463 0.0411280755795057
464 0.03144007895140736
466 0.05778254512666659
468 0.02971658232670594
469 0.03412890629132789
471 0.03787970044375141
473 0.052397101821174734
474 0.04372391011303411
475 0.0381248557894196
476 0.025229253040736112
478 0.046064282668300836
480 0.03582278871540407
481 0.024868260488879912
483 0.025492141561178034
485 0.030262200209948145
486 0.03844185628372285
488 0.024942701114814742
490 0.0447528043078898
491 0.03778478136593085
492 0.03928070751788937
493 0.048556730064311285
495 0.04064790313252719
497 0.037452645727551935
498 0.03306000713471254
499 0.029591666666050287
500 0.033941703178880435
502 0.03952347844058224
504 0.049722557477356204
505 0.04483319894938376
507 0.04918692245463086
509 0.04066260415859543
511 0.0415377752436167
512 0.04228283117257311
514 0.057006377182350694
516 0.03589713085371889
518 0.048929846132291635
519 0.04379535293470728
521 0.04179186382000056
523 0.031971969007663574
525 0.04931912620498758
526 0.03314273569883559
527 0.03911502189419025
528 0.04491357925147847
530 0.047771124327853076
532 0.04487330631040517
533 0.04383217551254802
535 0.056304174590356276
537 0.047549837837436826
539 0.053743470769818814
540 0.04475663689070686
542 0.0376519790242144
544 0.041318204071067
545 0.032681987266329315
547 0.0562304051642654
549 0.05221510751680039
551 0.039022335104726975
553 0.04833658283136411
554 0.05421655602588414
556 0.05876415733743556
558 0.0525995260682898
560 0.025352119327778616
561 0.03120267528626957
563 0.0546263593785237
565 0.05005060191173053
566 0.06482937712998567
568 0.062294875622895735
570 0.037973046332324754
572 0.047836674105813666
574 0.053891853716800144
576 0.048311797128579546
577 0.024286599990846622
578 0.04924908918657339
579 0.05948103760498552
581 0.048603474357844054
583 0.04548535471944216
585 0.06791511795785492
587 0.049964475669068587
589 0.046986661438022416
590 0.0648096911591233
592 0.055471286495415745
594 0.04694942164503439
596 0.02898613219238192
598 0.052345779510674484
600 0.03838545890726276
602 0.06968635160330905
603 0.052966647906214345
604 0.058478396597495576
605 0.050268229250928116
607 0.04909467160312935
609 0.05691959333056629
611 0.030562492722631365
613 0.053954862065936596
614 0.05241856593306693
615 0.06015535494503998
616 0.04689549486649402
617 0.03515893550832629
618 0.05606803251328976
620 0.048900503465659995
621 0.044528263928911155
622 0.049766936599212386
623 0.04526617516124134
624 0.051241134820197994
626 0.03619798099832265
627 0.044576362031058296
628 0.05338813560373493
630 0.040796930662062636
632 0.0371630659296045
634 0.06052101766134224
636 0.06156801950082366
637 0.041668211336021464
638 0.054328578189164034
640 0.06601142572013817
642 0.057953383860894735
644 0.05061811235349076
646 0.04886272898736858
648 0.06126452778473153
650 0.05115124611885117
652 0.05602934078967419
654 0.04883887341501187
656 0.04477449741721905
658 0.049973984799748905
660 0.04244984528315448
662 0.05656319892751731
664 0.06312057077882365
666 0.04825057838257275
668 0.03756361090468487
670 0.03809515544216643
672 0.058852255501066375
674 0.05881014601551529
676 0.052096170086682984
678 0.06435993523360226
680 0.0414701171692481
682 0.05042093251936919
684 0.03217259419630699
685 0.05911842038712551
686 0.043588503859529885
687 0.06704778622879246
689 0.07389363405722785
691 0.06204448768323202
693 0.05217920588220897
695 0.054531456557351005
697 0.05043070253455099
699 0.048410489825498546
700 0.049297635697335807
702 0.040180578845108894
704 0.04409788581450284
706 0.045793592327918145
708 0.0561022573604188
710 0.04127565846939446
712 0.044467040709242046
714 0.06237071612614175
715 0.08059178521625654
717 0.048576905152999776
719 0.038068589300575835
721 0.05175309159693414
723 0.06745201626112138
724 0.07278797910673389
726 0.041564239085313245
728 0.043007900694115794
730 0.03840059917616223
731 0.03822459553543922
732 0.04662063720316788
734 0.015995407765406828
735 0.047076834556356195
737 0.039008982611407686
739 0.06780318935571539
741 0.08009369891705692
743 0.03594099615604178
744 0.04790160840883293
746 0.06722621064683622
748 0.05956366148621013
750 0.050294676544329064
752 0.04126565107768818
754 0.04774952884521663
756 0.04177659174814681
758 0.05798519479588635
760 0.04925575403692887
762 0.033157688779829185
763 0.03904208919785409
765 0.043915529459302924
767 0.07085820769113221
769 0.05872530019806012
771 0.053589331043813596
773 0.051271826145181505
775 0.05172100643935376
777 0.05763417127490233
778 0.07427631266854771
780 0.04662740630219162
782 0.046502637669216564
784 0.038854280522920046
786 0.045007833985226516
788 0.04715706894476138
790 0.049069249309189385
792 0.054072478673780705
794 0.05261750774298401
796 0.0412062727520816
798 0.044850281900004785
799 0.05363293425200841
800 0.05191490188592787
801 0.038101450916517225
802 0.051154763987830074
804 0.03572416252091538
805 0.048438982096987944
807 0.05493111030627289
809 0.04825298855608308
811 0.03853540552394538
813 0.04459780051410501
815 0.05323799631768722
817 0.05430348870507652
819 0.046738134195794166
821 0.061335732602951935
823 0.056584692833462936
825 0.04565532779943785
826 0.05772962200762777
827 0.04748330314000866
828 0.049932958179217245
829 0.05257667647826819
830 0.05740475366911192
832 0.07092472723411447
834 0.0525700774812737
836 0.04129495939676312
837 0.057406511853852746
838 0.05904459641308655
839 0.03283858660338268
840 0.05175999659350907
841 0.06124257493528518
842 0.06383653149515567
843 0.0725148483974419
845 0.04317561990654184
847 0.051652580102545566
849 0.03818136534917213
851 0.04742794887326982
853 0.04519468906071849
855 0.032212494817244114
857 0.055464096424113256
859 0.0417733611746006
860 0.03924415514074134
862 0.038045197807501076
864 0.04419076965220475
866 0.04897448145727269
868 0.051693641935693195
870 0.05065494293675635
872 0.059312566929434624
874 0.05239921320823308
875 0.050063714999777985
876 0.04892671276345103
877 0.07691047187591493
879 0.03517449131247474
881 0.04364016267542021
883 0.05078065858810602
885 0.0486399118348478
887 0.04190190987769061
888 0.06605676647296234
890 0.04796643696925582
892 0.047240760445858274
894 0.04514555930519906
896 0.04922207687735365
897 0.06199852163003718
899 0.06319673868223877
901 0.036289823713153084
903 0.05470369777834776
905 0.05132451253175279
906 0.04963879449099923
907 0.049881235117902635
908 0.029826048755526077
910 0.04959584626504737
912 0.036881683832898915
914 0.05677175329075896
915 0.04740628849471635
917 0.061365905188838867
919 0.0512977584890488
921 0.034506180523200834
923 0.04855674762749926
924 0.052618448338483344
926 0.06284278177733427
928 0.04809715703764823
929 0.04041616646937159
930 0.055964801481088955
931 0.031233056520477476
933 0.042305661631246494
935 0.04743895505118871
936 0.04607483890945134
937 0.05555234156429378
938 0.037271648923899156
940 0.04722350976483232
942 0.03208571454842968
944 0.043224211251111096
945 0.03327179869168049
947 0.04712754282089691
949 0.04040470393049813
950 0.05012992767353808
951 0.04703823833823089
952 0.040903431404886864
954 0.03512372637913567
956 0.033854588677905896
957 0.044136646966791204
959 0.046074807816215264
961 0.05109631051472358
962 0.028396149343361037
964 0.03306006229328062
966 0.04875020017148586
967 0.04638551850539443
969 0.02996301873448854
971 0.02247934430642573
972 0.029898222905885063
974 0.027791101041519762
976 0.0353677646724509
977 0.03182929635639604
978 0.0467257089498566
979 0.03174197423442472
981 0.029346973694706926
982 0.04632338758511066
983 0.05356521290104155
984 0.058710169210598906
986 0.04019352694172626
988 0.05566652604199154
989 0.06739090901324829
991 0.03189053247989193
993 0.05526773800865899
994 0.05765910308352404
996 0.04151142296443258
998 0.034092168918778046
1000 0.06413658667706998
1001 0.03597739311678399
1003 0.03633140753697717
1005 0.05185289241007302
1007 0.042079697794347656
1008 0.038322994622006216
1010 0.04142066395689881
1012 0.03931741234796094
1014 0.0388883333258093
1015 0.009410416665559751
1016 0.0370290471790175
1017 0.04699619529723632
1019 0.0332370014111079
1021 0.03547478752025654
1022 0.03617562549996478
1024 0.05544470020539358
1026 0.04853757044436975
1028 0.04348859970760431
1029 0.041164485242890285
1031 0.05422552202584041
1033 0.038416025926307086
1035 0.03141977750868231
1036 0.04509003273884007
1037 0.046957823771143534
1038 0.03661530590133308
1040 0.03150415283933478
1042 0.06267733213843069
1044 0.04273356402087007
1046 0.06008147914675623
1047 0.05921341212049197
1049 0.05080352583125318
1051 0.04796502785456053
1053 0.04935696124422531
1055 0.06204548153618816
1057 0.05741806490284236
1059 0.033002173097761794
1061 0.04652596835268241
1062 0.05884707826502173
1064 0.05064116919341486
1066 0.0501246732349084
1068 0.03809741884787792
1070 0.04669847925934586
1072 0.05425111843646846
1073 0.03585208333197443
1074 0.05626386590746127
1076 0.042965642517664
1077 0.04486880425455445
1078 0.06878006002862094
1079 0.0461856047144002
1081 0.04754711031605517
1083 0.09862936042700962
1085 0.06053933795710134
1087 0.04716355005962985
1089 0.06638052147614147
1091 0.06242145716934796
1093 0.049898885001284726
1095 0.036691094554601185
1097 0.07081288198450536
1099 0.04991410148203711
1101 0.03824494139579325
1103 0.05436073475648207
1105 0.049866309586593015
1107 0.0423918055537462
1109 0.0452563228199959
1111 0.03953276067292516
1113 0.03932903242298854
1115 0.05268486424723859
1116 0.07668229467331954
1118 0.03713931989470135
1120 0.04236701468364488
1122 0.0425095509944745
1124 0.05671879944530016
1126 0.05152270703179203
1128 0.043416747287699654
1130 0.03868669557825959
1132 0.057723833982880446
1134 0.03432020561302611
1136 0.05963661971022197
1138 0.06510820937536518
1140 0.057511229390880464
1142 0.04534485290311647
1143 0.06293674559265128
1144 0.04988199762814198
1146 0.04986628059690827
1147 0.05490454228238377
1149 0.04323141854862418
1151 0.05089733926022171
1153 0.06267073939996079
1155 0.046407858041825865
1157 0.06287007718362338
