0 0.004699851190475964
2 0.004467692669176822
3 0.0049401658163297415
4 0.004177827380947876
5 0.004319921874994803
6 0.004118154761900546
7 0.0039855567226851
9 0.004584100274721474
11 0.004679096350075034
12 0.004231441326525294
13 0.004272227990027505
14 0.004087946428565346
16 0.00406616942508529
18 0.004182383241755725
19 0.004654809020166629
20 0.004397012362633636
21 0.004476785714280469
23 0.0043747150074394895
25 0.0046499681122431314
26 0.004751715225558273
27 0.004645982142854166
28 0.004409219155772427
30 0.004336147388059006
31 0.004705068277302699
32 0.004511616253700609
33 0.004576480331407516
35 0.004799018771249983
36 0.004829687500055968
37 0.004439426691786851
38 0.004461454417351562
39 0.004725982142915086
40 0.004537019706128562
42 0.00486091940160113
43 0.0058132440476583724
44 0.004585239055364168
45 0.004639115158217613
47 0.004258369123026698
49 0.004564484571845008
50 0.004308310439618332
51 0.0046078411172746385
52 0.004008339285777822
54 0.004379160714343015
56 0.004202648338820978
57 0.0041658502599871226
58 0.004536772959250308
59 0.004377656042090813
61 0.00448729450119544
62 0.004484623342101202
63 0.004298701298762611
64 0.0044360940832177675
66 0.004214111024889116
68 0.004679393797048111
70 0.004173938817377784
71 0.004249303567481988
72 0.004182383241809562
73 0.004524876519807781
74 0.0043111607143283045
75 0.004510459183736414
76 0.004590178571471408
77 0.004422439930746738
79 0.004376344506649386
81 0.004547730509660824
84 0.004257157258111893
85 0.004866749736884921
86 0.004191581632726736
87 0.004743188364120358
89 0.004370950255156357
91 0.004134938909824146
93 0.004388427197866262
94 0.005287723214358664
95 0.004218154761943538
96 0.004524876519815038
98 0.004251371173520876
99 0.0026370535714761445
100 0.004017457706815345
102 0.00440858814269518
104 0.004719479529671428
105 0.004451117925860615
106 0.004187152777828058
107 0.0041915816326942535
108 0.004520424107205656
109 0.004242829810549415
111 0.004463352272787027
113 0.004376811974838922
115 0.0045097835957096585
117 0.004448347557603445
119 0.004311160714336579
121 0.004667353723454938
123 0.004311160714325979
124 0.004419891038958568
125 0.00461954887223732
126 0.0040321428571814975
127 0.0038187762605345786
128 0.004171651785792818
130 0.004318601671834107
131 0.004260430194867901
132 0.00478947704086912
133 0.004195024829571562
134 0.003933627863766276
135 0.00391083074540031
136 0.004391527199485184
138 0.004485546875056201
140 0.004096531593491958
142 0.0040536057692861505
144 0.004513633241839006
146 0.0041061680029747085
148 0.004536521291258238
150 0.004469080297320183
152 0.004401652992348281
154 0.005009283892162812
156 0.0046831845238557435
158 0.004163445378211731
160 0.004527876807863334
161 0.004042305542451981
162 0.003474107142892535
163 0.004352022584841583
165 0.004707915940841537
167 0.00421583641185835
169 0.005613244047670681
170 0.004137977216806843
171 0.004951913265352508
172 0.00478947704086912
173 0.00491852865891427
174 0.003939136904856848
176 0.004834319196513448
178 0.004598150510259659
180 0.004234430803629863
182 0.004131792091899099
184 0.004357162929841398
186 0.004486657994523095
189 0.0037132653061909032
191 0.00454207204440481
193 0.004830711206956306
196 0.004092798913088403
198 0.004685017168676432
200 0.003976339285804898
201 0.004137977216806843
203 0.004357663690541358
205 0.0043112841012254485
207 0.005081082589331487
210 0.004251371173511741
212 0.004729687500042701
214 0.00478947704086912
217 0.004626957322138026
219 0.0043872564935906085
221 0.0043211521903623925
224 0.00404330357150684
226 0.004429092018460975
228 0.004238373447277433
230 0.003854586039014149
231 0.004311160714394191
233 0.004206529017945826
235 0.004514525789338275
238 0.004534375000065438
240 0.003997265625049096
243 0.004415792410757291
245 0.003939136904837899
248 0.004260965720159395
251 0.004107152777832349
253 0.005245477484562422
255 0.004657527709404239
259 0.003976339285309223
260 0.0048124107136573
262 0.00403357612733065
264 0.004518735598535826
267 0.003941015624583599
269 0.004143188387466523
271 0.004453392856567007
272 0.003995332791708444
274 0.004186964285236172
276 0.00391061723560241
278 0.004219451530112954
280 0.00386032037758522
283 0.003945789092254755
285 0.004311574757909714
286 0.004063010203602906
288 0.003920524266956631
290 0.004067225984730895
293 0.004278560976695858
295 0.0039019153220960427
297 0.004034419330004842
299 0.004191025245796513
301 0.004201078868561581
304 0.004998214285227017
306 0.004182589285270362
308 0.003986169974137528
310 0.0031392857138826
311 0.00475378637519144
313 0.004146643517995269
315 0.004032878860544844
317 0.004357227476026538
319 0.004224214256659955
320 0.0038768973208931357
322 0.004088921931871746
324 0.004198904591552999
326 0.0036415178567494877
327 0.0036833705353416235
329 0.00397214285675318
331 0.00427698102630103
333 0.0041313674807204395
335 0.004147826743711549
337 0.003999147726827604
339 0.004126773648209023
341 0.003949426019979845
343 0.004169471153353208
345 0.003981953983060731
347 0.004695008116455442
349 0.004117398542887734
351 0.004599101205984526
353 0.004204166666170295
355 0.00436184098589365
357 0.004024555681075033
359 0.004068070301935075
361 0.004152026958872646
363 0.004165539965518812
365 0.004738975154831006
367 0.004113258928077812
369 0.004097074184780579
371 0.004488708290715238
372 0.004105158862700467
374 0.004150464649685592
376 0.004231696428082986
378 0.004169293477767279
380 0.003947858655705959
382 0.00410369120162691
384 0.0041037946424081284
386 0.00426752204685954
388 0.004136793830709641
389 0.0026370535708792886
390 0.00425190548726943
391 0.00430499862298294
393 0.004142733662141101
395 0.004119038052331396
397 0.003846502975756039
398 0.0044811862239514865
399 0.00440083841411573
400 0.003903571428119384
401 0.00397633928535015
402 0.004403561449282734
404 0.004095579502776643
406 0.00416828874289282
408 0.004094089717149903
410 0.004046359710600633
412 0.004035151397053359
414 0.004338187259624722
415 0.004307812499502818
416 0.003768207045946051
417 0.004194720804494388
419 0.003964372334270416
421 0.003785866090197487
423 0.004382132897248019
424 0.004145157966560804
425 0.004264149051993849
426 0.004174318608546089
428 0.004194747898708329
430 0.004035385280408141
432 0.004153817733489286
433 0.004244673242725675
435 0.004103843927010261
437 0.0040664272769489525
439 0.004054801064692009
440 0.004201078868561581
441 0.004304166666220984
442 0.004064766483050055
444 0.003984293315526289
445 0.004490178570944993
446 0.004172890165839145
447 0.004385948849428625
448 0.004171378967782857
449 0.004140443637897562
451 0.004157435344327182
452 0.004123545314121696
453 0.004356157879317921
454 0.004402440494371918
456 0.004155412945925363
458 0.004289442567046781
459 0.004125490648766872
461 0.00422000482575874
463 0.004215443637921368
464 0.00422605041965633
466 0.004212131789317523
468 0.004087921966246328
469 0.004543899918752458
470 0.004049878246322888
471 0.0041699027181123964
473 0.00403479516762171
475 0.004214120596398746
476 0.004220729580808558
477 0.004285982142232569
478 0.004482822721692409
480 0.004041211353478163
481 0.004337428162729598
482 0.0042265292548283005
483 0.004321072558271433
485 0.004051175957718763
486 0.004163095237584002
487 0.004583774037889463
488 0.004161160713802506
490 0.004252918866040135
492 0.004356857787849757
493 0.004293915907551094
494 0.004206529017444893
495 0.004436146080428761
497 0.0038946718455702455
499 0.004075795360798675
500 0.00399349767032776
501 0.003966897320955809
502 0.004200784265927305
504 0.0042010123128619625
505 0.005603035713988902
506 0.004217066479724732
507 0.004141406249535369
509 0.004082823128779215
511 0.004253708790704773
512 0.004645982142392313
513 0.004580213647476025
514 0.004312302854895346
516 0.004333188439300341
518 0.004230480851450022
519 0.005148214285554786
520 0.004311160713772581
521 0.004676770319770969
522 0.0043111607137895835
523 0.004518266752104386
525 0.004470599489333641
527 0.004236343452013422
528 0.004651657081841238
529 0.0047517152250915575
530 0.004354644016178678
532 0.004311160713768913
533 0.005083273809115478
534 0.005024028360942205
535 0.004444721273655607
537 0.004438308091758826
539 0.004162537577428793
540 0.0042399221119002834
541 0.0050184200306375715
542 0.00453688302519531
544 0.004559627340206455
545 0.004158969155117698
546 0.004393493851940085
547 0.004419167626202403
549 0.004358473064683069
551 0.004138463929308924
553 0.0045548928545004865
554 0.004390880101547217
555 0.004563016916838598
556 0.004484302546168554
558 0.00480075334776231
560 0.004311160713768913
561 0.004311160713833877
562 0.004705068276962265
563 0.004616360593427089
565 0.004131792091271791
566 0.004730499261199839
567 0.004527174538687236
568 0.0044329971762461385
569 0.0033345982136552266
570 0.004161240671118688
572 0.004281790412996519
574 0.004528391300588757
576 0.004586049156031632
578 0.004286940396895895
579 0.004445089285186441
580 0.004032142856658538
581 0.004651657081887483
583 0.004447062927280087
585 0.004536521290818795
587 0.0044536111891387365
589 0.004311160713734807
590 0.004430739795550055
591 0.004311160713707461
592 0.0043111607136931225
593 0.004529522515025272
594 0.003901175290904427
596 0.00415662774669447
598 0.004510546874428201
600 0.004187017832984452
602 0.00428179041303242
604 0.004702973023889152
605 0.004557352940664446
606 0.004800058229302126
607 0.004385565475634697
609 0.004507776992511481
611 0.004097444908283967
613 0.004759115259313065
615 0.004539174106646726
617 0.004405921495536293
618 0.00538096861134818
619 0.00399399213054668
621 0.0042206684357810244
623 0.0044375084226018924
624 0.00453999936444739
625 0.004171651785100039
627 0.00455031887711032
628 0.00408493001880841
630 0.004499756877502629
632 0.004057508116251152
634 0.004436910620909286
635 0.003593686223829146
637 0.00396277551721046
638 0.004529522515025272
639 0.0037531249993207894
640 0.004719287633359523
642 0.004776190475846913
644 0.0041615053782260766
646 0.004454655611737378
648 0.004244739283795492
650 0.00426930803517962
652 0.004379458892221919
654 0.004453479713807458
656 0.003838976647732404
658 0.004403873847298113
660 0.003826550751335545
662 0.004202848056068701
664 0.004361891233264198
666 0.0043634765620055305
668 0.0042628672471047525
670 0.004046454919427954
672 0.0042366371325865005
674 0.003917133717819573
676 0.0040828733760298
678 0.004602309782097544
680 0.004053605768726461
682 0.004956915907769144
685 0.004095981353510715
687 0.004163469638273675
689 0.0042441964280533285
691 0.004480563207593491
693 0.005462109374718693
694 0.004729687499590796
695 0.005100832686857278
697 0.004317193033045896
698 0.004645982142619687
700 0.0045120535708792885
702 0.003997265624377633
704 0.004807192459869232
706 0.0044681082584432374
708 0.004445089285200083
710 0.0043731646819904
712 0.005058264896534739
713 0.0035384958784666545
715 0.005126663960626584
717 0.00431116071371207
719 0.003947224378417441
721 0.005176133241215771
724 0.004432881671423924
726 0.003673405611574968
728 0.003976339285190989
731 0.004672062063016049
732 0.003962388392267258
735 0.0045473624614794025
737 0.004311160713753232
739 0.004843831168428055
741 0.004898246199797995
744 0.004435168650262413
746 0.004311160713753232
748 0.004132408422912284
750 0.004422767856613064
752 0.003641517856585779
754 0.005459330356734427
756 0.003976339285118229
758 0.004478571428012401
760 0.004913640872473479
761 0.00431116071354154
763 0.004473596938152825
765 0.004253432881224116
767 0.004050973517742307
769 0.0046070723678894865
771 0.004360666902370473
773 0.004050753418610498
775 0.00431116071354154
776 0.0042491567454969
778 0.0038978504316054974
780 0.004568715658933797
782 0.0047296874996050065
784 0.004394866071015713
786 0.005167316728829974
788 0.00431116071371207
790 0.004061091852194791
792 0.004179341100660218
793 0.0026370535708792886
794 0.00463680681807293
796 0.0026370535708792886
797 0.004167665815754974
799 0.004174500349332837
801 0.004355485018902527
802 0.005148214285554786
803 0.0037531249993207894
805 0.004178994360317071
807 0.0042713010198635205
809 0.004232303868809595
811 0.004501684469496261
813 0.004188665069156142
815 0.004360399159094521
817 0.004026206306410499
819 0.004032142856658538
821 0.004206529017295679
823 0.004568715658776385
824 0.004203153801199733
826 0.004201069910641309
828 0.003915462661751173
830 0.0048095238090581915
832 0.004393708134454417
834 0.004037215908577061
836 0.004122148616976383
838 0.004439938186368846
840 0.004072755500795587
842 0.004214040033418769
843 0.004961839285269889
844 0.0043111607137310175
845 0.004497172618622851
846 0.0042619222684098694
847 0.00460230978214203
849 0.00439216589805094
851 0.004197017044925195
853 0.004661555232122166
855 0.0044077438181620195
857 0.004273112824137115
859 0.00439385551899663
860 0.004468108258357972
861 0.004015730041467524
862 0.004170868052757642
863 0.004158969155241721
864 0.004534374999654271
866 0.004345326165766706
867 0.004645982142437788
868 0.0040602687350573515
869 0.003892633928046507
870 0.0041823832412389425
872 0.00466780611648743
874 0.004504433478477774
876 0.004872622084024313
877 0.004541765429739651
878 0.004645982142619687
879 0.004344642856613064
881 0.004194362540988021
883 0.004282226437806601
885 0.004244196428012401
887 0.004842787941657979
888 0.004683184523400996
889 0.004231441325925646
890 0.004442372985469373
892 0.004339062499491319
894 0.004527174538698238
896 0.003976339285130356
897 0.003474107142210414
898 0.0045391927690778145
899 0.004357342240431146
900 0.0049029840220938285
901 0.00465281946837676
903 0.004615543830711679
905 0.004532336006014165
907 0.00436604947255218
908 0.00397633928500909
909 0.0039892170323652795
910 0.004178598947282086
912 0.004146494437359476
914 0.004119834183029525
915 0.0044506696423354695
916 0.00431116071354154
917 0.004278134406836721
918 0.0043111607137234385
919 0.004492525921144137
921 0.004512053570997523
923 0.004463352272225827
924 0.004565884216030862
925 0.004311160713736432
926 0.0043731481302409034
928 0.004613511904195396
930 0.004520424106732435
931 0.004484344211364103
932 0.004125148808801289
933 0.00447392113043558
935 0.004608179723020605
937 0.004593035187356595
938 0.0043516410960108545
939 0.0037531249993207894
940 0.004041143432599007
942 0.0043483630947093845
944 0.004557352940774789
945 0.004583689783483478
946 0.004608779761489738
947 0.00451045918318219
949 0.004312948032657004
951 0.004550318877079462
952 0.004597484385298197
954 0.0045305041082247584
956 0.004412621752749146
957 0.004484344211324901
958 0.005148214285554786
959 0.004645982142380945
961 0.004514095440059204
962 0.004366964285259201
963 0.00473593416807747
964 0.004613430059094981
966 0.004586896007948085
967 0.005076607142359535
968 0.00475212710030599
969 0.004766025820891947
971 0.004561314654712737
972 0.005148214285554786
973 0.004606591386147209
974 0.004425304382591962
976 0.004580557265532254
978 0.00439592563239048
979 0.004578937899283906
981 0.004286898291342289
983 0.004721568622000761
984 0.0045767770092375315
986 0.004311160713774897
988 0.004684183672996564
989 0.004465693680776895
990 0.004053605768726461
991 0.004655103935666877
993 0.004177232142274079
994 0.004729687499621248
995 0.0043928244768311545
996 0.0046728658532030265
998 0.004269312005922643
1000 0.004500172810524771
1001 0.004346116772140363
1002 0.0047404189556345955
1003 0.004199553570811076
1005 0.004580557265571456
1007 0.004553465695093301
1008 0.005224310064642685
1009 0.004339062499479951
1010 0.004311160713727572
1011 0.004101897321049819
1012 0.004293014345598244
1014 0.004183664646649714
1016 0.003892633927911878
1017 0.004968861845142669
1018 0.0045420720438344156
1019 0.004259649724840878
1021 0.004532655422803213
1022 0.00431116071354154
1023 0.004460581292240325
1024 0.004615543830678606
1026 0.004214111024497391
1028 0.004379029922322818
1029 0.005353507652476505
1030 0.004279573786694734
1031 0.0044855486245637625
1032 0.004131792091405779
1033 0.004288032305474087
1035 0.004279949105518261
1037 0.004658616913386724
1038 0.004195512074898562
1039 0.004032142856734329
1040 0.004369394108233776
1042 0.004523745747692807
1044 0.004067020088939444
1046 0.004370366249620657
1047 0.0044772354270529524
1048 0.004415792410128461
1049 0.004283716334477921
1051 0.004404432995634603
1053 0.004400446428207943
1055 0.004261795507416257
1057 0.004359685558641934
1059 0.003933136520323211
1061 0.0041501888731632925
1062 0.0049488683742424655
1063 0.004146494437717309
1064 0.004478571428148825
1065 0.004311160713727572
1066 0.004645826264160891
1068 0.0043111607137234385
1069 0.004311160713869968
1070 0.004171651785355834
1072 0.004500682277286511
1074 0.00449379058410903
1076 0.0048882440470108465
1078 0.004640491003345398
1079 0.004430739795647501
1080 0.004206529017594107
1081 0.0057009397853682075
1082 0.004311160713936452
1083 0.004809830926699354
1085 0.0045120535710702825
1086 0.004355216165023242
1087 0.004227455356749487
1088 0.004383947981177303
1089 0.0044079585191996425
1090 0.0042230498118346746
1091 0.004449185718354876
1093 0.004688339107583395
1095 0.004702637986445718
1097 0.004344720346080066
1099 0.004604129463780282
1101 0.0048481384765267956
1103 0.004617923686714212
1105 0.004512053571152137
1107 0.004187932392255789
1109 0.004171651785355834
1111 0.004500682277106328
1113 0.004385565475786279
1115 0.004201979813377993
1116 0.005985267856885912
1117 0.004018191963950812
1118 0.004270328832262749
1119 0.004645982142210414
1120 0.0056132440471022465
1121 0.004450669642437788
1122 0.004528381633294444
1123 0.004212683823238074
1124 0.004776267964479707
1125 0.003976339285418362
1126 0.004072002550596413
1128 0.004093831179322175
1129 0.004789477040308806
1130 0.0037531249997755367
1132 0.004120921265821794
1134 0.004180886450967591
1135 0.004235064934577663
1136 0.004497172618509164
1138 0.004441642913531853
1140 0.004006691787355378
1143 0.005072936775795333
1144 0.0026370535715614096
1145 0.004012524894849962
1147 0.004508114495592963
1149 0.004063144841085078
1151 0.004582565363399738
1153 0.0042749313780544845
1155 0.004821050277803696
1157 0.004351020407706788
