0 0.017643949218261845
2 0.01677132635116209
4 0.022264269276273806
6 0.015403572226829443
7 0.02192947470484
9 0.01515964296658201
11 0.018231985294114118
13 0.015794232742864425
14 0.017316233358704025
16 0.01416537456208678
18 0.01767104725427566
20 0.01852461080839486
21 0.019357735666099572
23 0.019182920236818005
25 0.016192660896440003
27 0.018130916683387514
28 0.016750678549865228
30 0.023068061943589967
32 0.015928734656847205
33 0.018088334888363852
35 0.01974665196156331
37 0.015386839492555883
39 0.019785867505954114
40 0.01599741808587929
41 0.016063977196121675
42 0.015886772025483255
44 0.017696192095555962
45 0.01775367641411929
47 0.016173227989553812
49 0.012116406250060052
51 0.019741596534120796
52 0.022862630575746817
53 0.028237630575745243
54 0.016278470809431726
56 0.01626430640333704
58 0.027255833149257926
59 0.018014517063662652
61 0.01544765267377013
63 0.016248373536750016
64 0.015973403382595938
66 0.018829274308080363
68 0.01478819168259046
70 0.014410320076882994
72 0.013205525925672767
74 0.016678006116659223
76 0.016836365805567393
77 0.014119642857186778
79 0.015596631768129896
81 0.01410703531918371
84 0.017787524018614595
86 0.018056275851066773
87 0.020315100997312947
89 0.01653706839869948
91 0.016877485033140665
93 0.013210419556659499
95 0.018781364259818644
96 0.019326317797493858
97 0.019011155616098563
99 0.02015956939871444
100 0.016415667150539548
102 0.0177873053717974
104 0.02117967494304141
106 0.01829871501437288
108 0.016810894883082596
109 0.01275496219352353
111 0.021357221108164737
113 0.018807857572647062
115 0.018207299052873275
117 0.018660524858292758
119 0.014582094466165232
121 0.021078375482566376
123 0.018982833049537566
125 0.01811635557486284
127 0.01839507928014496
128 0.009612500000116597
129 0.015986524387032356
131 0.02211695685086135
133 0.018934849988375173
135 0.014929373569513871
136 0.018842168767104032
137 0.015019879427840848
138 0.016323188510551746
140 0.02397720441650856
142 0.016786062265590148
144 0.016322414128963788
146 0.019353733612175576
148 0.020408281527020716
150 0.015696402671197388
152 0.018003179185690974
154 0.015013551556754755
156 0.016491534387663428
158 0.018680015118412656
160 0.01961469040461026
162 0.017061079822804224
163 0.023204307167341485
164 0.021788589350563825
165 0.01721464505569477
167 0.021489845379698853
170 0.01809588478397622
172 0.012626333849464221
174 0.01713088475684171
176 0.022755043234179765
178 0.017269822284872303
180 0.01723125000011123
182 0.02274192856071436
184 0.01702430555564168
186 0.016713930570222583
189 0.017149983100246877
191 0.021976925117486515
193 0.017134194094899156
196 0.01594429403955786
198 0.01569174980336167
201 0.016095454545543154
203 0.03237290950972558
205 0.015890377498968582
207 0.020049006692388453
210 0.020623897058900345
212 0.01737577825188683
214 0.03307345373476827
217 0.024327293333119303
219 0.019662161229585706
221 0.014569395919718175
224 0.014395984999504563
226 0.024425494233499496
228 0.016026841195559527
231 0.01587536764715731
233 0.020222434342028202
235 0.023681946363011106
238 0.02233625731694296
240 0.01903719928776691
243 0.016366261977945922
245 0.018363938792014995
248 0.018381597833304397
251 0.017829247376921233
253 0.019329620926080388
255 0.022325354212553588
260 0.016739949874598942
262 0.014761456732476187
264 0.012765403054506427
267 0.019128791174912296
269 0.024456337536763486
272 0.017095889881235376
274 0.013390743091298717
276 0.009731715788152288
278 0.01736323802713713
280 0.00570624999966185
281 0.015578212599632954
283 0.02132295635557181
286 0.012839367045917004
288 0.015562640099355056
290 0.018119005525647935
291 0.025671211135649148
293 0.012454133392484183
295 0.01555459033822899
297 0.019523936000470914
299 0.019500653737638155
301 0.018984444058139614
302 0.017458744197738053
304 0.019729512911204023
306 0.018232580234290988
308 0.021263932720164087
311 0.018184991642663267
313 0.01747670321538968
315 0.0264194829839071
317 0.015554084395543814
320 0.023716740299768106
322 0.018967429094051236
324 0.03547905555102709
325 0.030373498602557447
327 0.018230298449829263
329 0.013961177011263653
331 0.01895099206669215
333 0.02476685862107895
335 0.018822442011518583
337 0.013297151956269968
339 0.01706259960312574
341 0.015180014683403959
343 0.02549193631821467
345 0.017429830636835675
347 0.01780159491857183
349 0.017387670320793157
351 0.013227435322941497
353 0.016328358763274764
355 0.014594330896551872
357 0.01628386660982528
359 0.01569719415952501
361 0.01977688147585049
363 0.015405043976940647
365 0.015330007374384422
367 0.01906735873306854
369 0.016365246153172433
371 0.015252003438185488
372 0.00570624999966185
373 0.01733947094408536
374 0.019148699820021875
376 0.0227271640976691
378 0.014701859186589653
380 0.015436193855862257
382 0.014590861942209207
384 0.02362250376434834
386 0.017526313470517908
388 0.0237819538750432
390 0.01907931021744768
391 0.015102862056219616
393 0.022759728805292177
395 0.014207171752295267
397 0.014986451975265899
399 0.014914362494035263
401 0.020198191552894554
402 0.020297883474050593
404 0.019905581927789722
406 0.01699929828917913
408 0.017043315300895756
410 0.013994214372601732
412 0.013528137714599906
414 0.017956509154435026
416 0.016906978361180335
417 0.01708627860469076
419 0.019560575303687853
421 0.011588429104019977
423 0.017151617231820165
425 0.017209869373431275
426 0.016748914537797213
428 0.01916976128747668
430 0.022779733167456583
432 0.015618983671803081
433 0.015205119277675294
434 0.012776842652734948
435 0.012891373588290986
437 0.014458302427562174
439 0.013279700605842966
441 0.020477237491437143
442 0.012998973612593546
444 0.01663636636799094
446 0.0204543104018201
448 0.019594976680914235
449 0.017909405671897922
451 0.013558761823832453
453 0.017366304133615597
454 0.011649583332738682
456 0.017804416088796852
458 0.018704649222827573
459 0.009612499999434476
460 0.018314356677771166
461 0.013803816034847689
463 0.015410360245889359
464 0.016377156096704464
465 0.022881877823026156
466 0.013055859374514256
468 0.013009193962515934
470 0.013280291615000227
471 0.014978203308192661
473 0.014043770194361701
475 0.017080600918463747
477 0.017939411143895644
478 0.01801419424350854
480 0.012902335536255926
482 0.014775464372607416
483 0.016262976195417878
485 0.015272345950401294
487 0.01379914497047449
488 0.021453299253683628
489 0.02386289993057744
490 0.018263324495652
492 0.014860116563110638
494 0.019680172764140025
495 0.015632528608883454
497 0.01378345471733598
499 0.014441480798364381
501 0.015096076275710857
502 0.015384673402304148
504 0.01557623296933156
506 0.012144369476215267
507 0.009612499999434476
508 0.022851056941880818
509 0.01264404943501875
511 0.016760281921198095
513 0.01745453229569686
514 0.017959067691549535
516 0.018299745237138603
518 0.01709345387731926
520 0.016493111648617286
522 0.01384388531452994
523 0.017572953370535497
525 0.017765310798399457
527 0.014970668132226214
529 0.0182783108865972
530 0.01842206908690495
532 0.017989923661476122
534 0.015457644650107719
535 0.02180658835495227
537 0.017288797642540887
539 0.01492848352416508
541 0.018588743616812117
542 0.018614688409419006
543 0.01663778661976981
544 0.01532952084977858
546 0.017389487808461328
547 0.015521557446390943
548 0.01597532660463529
549 0.019992510824954478
551 0.015599743056039936
553 0.01782836086055113
555 0.016429731151905713
556 0.01891619052545366
557 0.027472771813352535
558 0.02931459858607035
560 0.014414876040367139
562 0.01555412614608318
563 0.02434952137356403
565 0.017623738775066265
567 0.01863500657487333
569 0.018517593991673277
570 0.018201569600523725
571 0.024651569600905532
572 0.018941405014127093
574 0.01407992751793891
576 0.019441770715700028
578 0.015547892630665543
580 0.019363705863332824
581 0.015479098886944917
583 0.02006705678205462
585 0.017034717955652923
587 0.012772620863675652
589 0.01957566118137906
591 0.01643667884108206
593 0.017140123629762152
594 0.017495134905847077
595 0.008823376565601393
596 0.015336126122557895
598 0.01728640933489108
600 0.015198618686503292
602 0.021572580976638278
604 0.014854166666130672
606 0.017560014507291537
607 0.019220693091898177
608 0.013426266250917251
609 0.01593401093346832
611 0.02325680702306173
613 0.017366318814671777
615 0.014966542801845308
617 0.010677840908804435
619 0.013745661332938438
621 0.017509905672613967
623 0.02141703378729127
625 0.01851237745925768
627 0.01395255465033849
628 0.005706249999320789
629 0.01565426781307906
630 0.012672711649878167
633 0.011582291666210645
635 0.019309542805154303
637 0.014012495054982066
639 0.016596955989029993
640 0.019483730513893772
642 0.023666470440681615
644 0.015076630259550762
645 0.012906268012784494
646 0.0182205888104221
648 0.015568203989430542
650 0.01725527446977274
652 0.020590954478527528
654 0.021388788897595008
656 0.013568125635390515
658 0.01527253441595633
660 0.013563194444006714
661 0.009712499999750435
662 0.014918825223742261
664 0.01723548834539066
666 0.017949032925616847
668 0.016678895768490066
670 0.012743775986049352
672 0.026041318590701155
674 0.016350791536922316
676 0.016442437982264992
678 0.013851148930080449
680 0.01421519310269202
682 0.014663122710896915
683 0.017874310255422188
685 0.014204170072129532
687 0.018210053395187567
689 0.017272556218042863
691 0.019780274385709617
692 0.02033756715315706
694 0.027815670914993585
695 0.015521557446390943
696 0.017803744923817533
698 0.014914601497602169
700 0.018282370168823694
702 0.023159871759636037
704 0.01921525287135035
706 0.01886753368619472
708 0.019836354867829472
710 0.01569693777006411
713 0.021561613035808423
715 0.017086293246668566
717 0.016562764389810525
719 0.01706205521627074
721 0.019444431027815987
724 0.020713748055351807
726 0.017085189519576716
728 0.015321829786790886
731 0.0189542863516191
732 0.015350019072457144
733 0.015926076586354265
735 0.017305192128594625
737 0.01945627101291848
739 0.0186417321178918
741 0.03078757597099108
744 0.01523555370775804
746 0.019519171210264277
748 0.017138588847138807
750 0.017239253026494254
752 0.010589951747022042
753 0.01841502732012259
754 0.024304741658278017
756 0.014546416049658827
758 0.016345358489564886
761 0.022029771526630472
763 0.013514687369967545
765 0.023332729237665717
767 0.020324447384248687
769 0.015617385128482257
771 0.01958260234133225
772 0.01617432058947088
773 0.018634468821163024
774 0.015019992370378077
776 0.020515936761244708
778 0.014382075703899015
780 0.01658948791154299
782 0.018556046554174088
784 0.026297639561314954
786 0.018198622882291855
788 0.017790721896571562
790 0.01752035909965362
793 0.014034979019326481
794 0.019951808052532917
797 0.017928054816600536
799 0.015458115289435992
801 0.024123014501725493
803 0.016635556118734483
805 0.01331777936669217
807 0.014811373042538148
809 0.018144132833289073
811 0.013333398828716658
813 0.020740746389118873
815 0.02148880129131688
817 0.015603760525731132
819 0.0159454241525754
821 0.021821661009022168
824 0.01827506061108476
826 0.01889348235824476
828 0.012793042839904147
830 0.017003392922629246
832 0.016350831848901255
834 0.012686926616202692
836 0.018512446889633338
838 0.014503403888320256
840 0.020272026032305095
842 0.013919565853550347
844 0.01945042457775988
846 0.026220126754532475
847 0.022760381416530532
849 0.01584918241127866
851 0.020582791170602376
853 0.01917721010708688
855 0.016832352846652455
857 0.01610016908673894
859 0.016282245778605948
861 0.01810594747262653
863 0.01773281532839614
864 0.018292342037957116
865 0.014938376506165696
867 0.01639166850026623
869 0.01417780890356907
870 0.013893248769032121
872 0.016562764389810525
874 0.019323633913251415
876 0.014058011541237647
878 0.01448492647021821
879 0.011822644822351928
881 0.015628424321627272
883 0.024054361620433156
885 0.018686613545615467
887 0.012328924588726094
889 0.02495211655559615
890 0.01842600496676141
892 0.01756282343770319
894 0.014597556876861074
896 0.015211341249508022
898 0.016289421752398992
900 0.013942992332805956
901 0.01743551620319863
903 0.017530386925040192
905 0.019263871756519082
907 0.01767142655536831
909 0.015774672834906692
910 0.019599980926841454
911 0.014591409040302579
912 0.015565141111727082
914 0.012789072353882602
916 0.020972561591358605
918 0.01246624420943792
919 0.018151149041251473
921 0.01654024810423809
923 0.02150717500656494
925 0.017337668272436227
926 0.018460402507878372
928 0.01817566957832696
930 0.025228728684217123
932 0.015505839054799252
933 0.020395676997251345
935 0.016112131530156188
937 0.01789198168925547
939 0.014963453904964685
940 0.012391848139115706
942 0.013948183455053206
944 0.021009694636236614
946 0.015774839103793663
947 0.014226199860661922
949 0.012984495685126754
951 0.018696376513853846
952 0.005706249999320789
953 0.028453872147830832
954 0.017033959846849536
956 0.01864100130381985
958 0.015044854658084559
959 0.01952915380245881
961 0.014162801194988087
963 0.01764694280365557
964 0.016945530569746313
966 0.01713625108647913
968 0.015020748558693132
969 0.01740621661729591
971 0.016833478364195083
973 0.019120160080518644
974 0.01627082061781948
975 0.012850821889128384
976 0.01813938372346887
978 0.018009412811466063
979 0.015045132530834357
980 0.016427538181301316
981 0.021018839738703915
983 0.020770901120791527
984 0.018263364671323265
986 0.017163406649127168
988 0.022733465422695852
990 0.018934519040880917
991 0.019289060690647647
993 0.018437001230950045
995 0.01883093737065296
996 0.01893357607520749
998 0.015971895132035268
1000 0.017048647251688937
1002 0.015634092176523347
1003 0.016488394363814222
1005 0.01624574720354936
1007 0.017605731810022007
1009 0.013491041953797963
1011 0.014382046348970334
1012 0.017503681099219646
1014 0.015109486501943239
1016 0.01464328847513945
1018 0.01588028131711131
1019 0.01885773431343599
1020 0.01612016699467252
1021 0.014566940169313765
1023 0.016196363034997115
1024 0.01891362353749964
1026 0.014426279483118646
1028 0.020511643502424286
1030 0.017586121468389136
1032 0.01504916412302464
1033 0.015390034591661106
1034 0.01763835284111792
1035 0.0186988567386716
1037 0.019611903628182454
1039 0.014686980119688543
1040 0.01710952381181001
1042 0.01679173211711232
1044 0.01477271462038386
1046 0.015322943680026973
1048 0.02411268658776559
1049 0.03354259086225966
1050 0.024024490925689354
1051 0.01904245097148305
1053 0.016924854185296274
1055 0.02053899303716207
1057 0.01840014661827841
1059 0.012421726189954609
1061 0.015870839644768844
1063 0.01751005160031127
1065 0.027188981295103075
1066 0.018387395191363492
1069 0.014002938223001138
1070 0.013701769365509011
1072 0.025319867516002074
1074 0.017637597342018713
1076 0.017176936278561004
1078 0.021196663593192017
1080 0.01800690381815702
1082 0.018045938464789895
1083 0.009612499999093416
1084 0.01966870995313132
1086 0.020782270406925818
1088 0.014812835483165627
1090 0.015062833361259001
1091 0.016675113183669054
1093 0.01693957002591162
1095 0.013190610694707061
1097 0.020778685080865052
1099 0.018987347211587274
1101 0.015153501995392185
1103 0.018704068500148042
1105 0.022776346646617606
1107 0.016348056620299325
1109 0.0193442672534131
1111 0.023555557594268823
1113 0.017935419315051604
1115 0.013944651654284712
1117 0.01643056819492423
1119 0.016031769879020885
1121 0.01659899274532587
1123 0.017593822044943863
1125 0.017286938510616374
1126 0.01639880271399566
1127 0.027660271673539683
1129 0.017736678033491608
1130 0.011874775581923637
1131 0.015190829518087413
1132 0.019599980926159333
1133 0.013876915019636726
1135 0.02108609246263433
1136 0.016480215644196505
1138 0.015054477186948943
1140 0.01724791177532727
1141 0.016495164319546046
1143 0.021586498587823924
1145 0.017768013957239044
1147 0.01884997544840146
1149 0.015063119850136739
1151 0.017137488555249547
1153 0.016998155316529054
1155 0.02114289686243372
1157 0.01631948155366391
