0 4.337325578571614
29 0.23572837857151258
37 0.2113649785727844
43 0.21870737857079942
50 0.29221167857122193
56 0.13398377857174776
61 0.18138227857252925
67 0.15641267857088506
72 0.131091878571786
78 0.16501177857196866
83 0.1871211785720135
88 0.1756928785706606
92 0.07982987857238014
97 0.19235017857234027
101 0.24656689881018395
106 0.09796647857135952
110 0.17051297857276776
115 0.11220327857215864
119 0.19139497857238721
123 0.10498587857244104
128 0.12203027857197526
131 0.17976497857219442
135 0.11214677348904159
139 0.12516957857135935
143 0.08366027857176163
147 0.23146883898925236
151 0.23229367857041439
155 0.07220867857234338
159 0.10592197857170618
163 0.06879617857142081
167 0.16149547857151564
171 0.1804062389858643
175 0.08148077856988609
179 0.06990427857111284
183 0.09723077857073006
187 0.09092537857234786
191 0.11584297857100978
194 0.12380805009824483
198 0.10068457857180987
201 0.09555907857159696
205 0.0975655785720221
208 0.07476897857071095
212 0.13379327857131212
215 0.1790846357121552
219 0.10561017856946933
222 0.09955327857153974
226 0.07860437857037253
229 0.10613027857237398
232 0.14768747857145284
236 0.06874017857101647
239 0.11237305535736938
242 0.18062097857167034
246 0.13778487856964716
249 0.09791147857343388
252 0.10055127857324919
255 0.1285339785709141
259 0.06531967856983556
262 0.10294387857113632
265 0.16652837857120634
268 0.10278597857152363
272 0.08245147857026039
275 0.08140937857108385
278 0.0773389357140786
282 0.1447701297616504
285 0.12058987857064948
288 0.12859897857172203
291 0.09371067857111938
294 0.13704077857194077
297 0.07566492500023969
300 0.10879107857083456
303 0.16124877857121195
307 0.09930457857019517
310 0.0971394557760391
313 0.12405599642814877
315 0.08932127857053729
318 0.1396968118652808
322 0.11929247857053724
326 0.061840378569945634
329 0.1425266785693793
332 0.17632457023710232
335 0.08818287857077392
338 0.06535187856982248
341 0.07200477857270471
344 0.11613445308373685
347 0.06648027857129366
350 0.0660010916662486
352 0.08701647857026273
355 0.06724977857022621
358 0.08814283085707757
361 0.07573967857035768
364 0.07543347857074423
367 0.07640597857146078
370 0.08155194642813512
373 0.06776422500053059
376 0.15094759166630636
379 0.0714220785707994
382 0.06824559166573183
385 0.11222927857027118
387 0.06254717857020752
390 0.08658157857146308
393 0.06250947857163282
396 0.11121999964210547
399 0.060261878571805025
402 0.141906486607877
405 0.11319738449016084
407 0.11643667857108539
411 0.06747815833234652
414 0.05852737856996555
417 0.058600478570701844
420 0.11072044427003222
423 0.08241573571367554
426 0.06753877856983762
429 0.06706762499762818
432 0.11377616342001604
435 0.16809254394103165
438 0.05944207857148741
441 0.1647266576395396
445 0.22322878269877716
448 0.06402797856947018
451 0.12331228660664237
454 0.08195457856975283
456 0.06780797857038579
459 0.090274242380292
463 0.07930047857164481
466 0.09886987857037186
469 0.059832479642204825
472 0.06665957857305783
475 0.05590317857142964
477 0.06389287857102774
480 0.07876181950047112
482 0.06923857857266283
485 0.10032567857026606
488 0.10100427857225894
491 0.0732167694040868
494 0.07114437857101165
497 0.07186477857078444
499 0.09940953357349826
502 0.0653541785698735
505 0.0821853785703979
507 0.09994387857088895
511 0.13939742977092923
514 0.07528259166754195
517 0.11645637857025123
520 0.05610077857079432
523 0.08297275297575199
526 0.06847682499933397
529 0.07608516309439893
532 0.06786917857123173
535 0.06370197857092988
538 0.06299237857081152
540 0.05938207857095677
543 0.11751548749957694
546 0.06756667857141564
548 0.06223825571303222
551 0.06669157857056687
554 0.07511810561807122
557 0.12674037857166237
560 0.06911447857153233
563 0.07380852499914001
566 0.09890061250021064
568 0.06173267856963775
571 0.08262557857076445
573 0.07002427857066776
576 0.10305434880776829
579 0.07330785833207755
582 0.06342107856860367
584 0.07204464642877609
587 0.061204678570970825
589 0.06757007857147526
592 0.07094557857005837
595 0.060622548807737084
598 0.06706917857179631
600 0.07729643570830833
603 0.06754177857208107
605 0.080607491722094
608 0.06167657857029098
611 0.05633697857035713
614 0.08950686904574923
617 0.18457635375887094
619 0.12331846904428403
622 0.08247809642746232
625 0.09459367857041344
627 0.060926378570979975
630 0.07368595198349794
633 0.07186059023708823
635 0.06372895196948322
638 0.061571278571386764
641 0.07336427500031276
643 0.06648547857028007
646 0.06373387857008764
649 0.0716044785719305
652 0.11595167261336883
654 0.09268592976152377
657 0.06505977857075321
660 0.0660419549993321
662 0.06502577856942936
665 0.060584478569830943
668 0.06098617857085174
671 0.07214952285685285
673 0.06426009166621041
676 0.08697707365683982
678 0.06292697857086295
681 0.06473387857101898
683 0.08223633571772096
686 0.06770977857074742
689 0.06845817857163183
691 0.07167077857145612
694 0.08365363570912906
697 0.06564997857010438
699 0.062435478571092065
702 0.0656380785689862
704 0.07632106309490608
707 0.06956077857128094
710 0.06382077857003877
712 0.06146537857009661
715 0.0667860785701805
717 0.07378807856900949
720 0.06468257857111438
722 0.06769912083223062
725 0.06961307857079646
727 0.24206453403837713
730 0.0690629250000029
732 0.060393278571314116
734 0.06677897856995971
737 0.08857012500097881
740 0.06020727857091969
743 0.11606343660587301
746 0.09780169761868364
748 0.07979318523575785
751 0.06416367857043495
754 0.0691287849988612
756 0.059302278570498856
758 0.06669707857060983
761 0.06998437856952933
764 0.0650985949997903
766 0.06195248797885143
768 0.13296995134878672
771 0.06757877857114636
774 0.06439387857014935
777 0.0699867785710694
779 0.07323917857199833
782 0.06792055198468461
784 0.06695057857057238
787 0.24789975595140273
789 0.06719221392654617
792 0.11555602738112611
794 0.0629352250000693
797 0.0598652785708282
799 0.06573847857023339
802 0.06751022499893224
804 0.060451778570381975
806 0.06667493571869729
809 0.08524326309386653
812 0.1925026476195853
814 0.0965890738074904
816 0.074070322145144
819 0.0841498630935348
821 0.22664925595181556
823 0.27448230091811177
825 0.1121459964278074
827 0.0698924785697045
830 0.07634017856969422
832 0.06166447856983269
834 0.05850697857192699
836 0.060249278570586276
839 0.06500687857030697
842 0.061103878569588224
844 0.06284107857088658
846 0.06426767856962669
849 0.10388524069801405
852 0.07446362499899806
854 0.05957917857001575
857 0.07071567856899039
859 0.0783902785710552
862 0.06712958499908837
864 0.1380029728493128
866 0.09298722909957179
869 0.06007383571206902
871 0.1043096372029595
874 0.07671349214426756
876 0.0673796785699551
878 0.06731480877815556
881 0.06803788499928487
884 0.06854700499925458
886 0.07723927857139189
889 0.07348158499869441
891 0.07400627857011842
893 0.07556738423159004
895 0.12823038027079292
897 0.06376397857009122
900 0.06928326499939885
902 0.0699464297610575
904 0.06548927856917998
907 0.07142892499828123
909 0.06453467857088525
911 0.06626647856890032
914 0.07006926499902875
916 0.0637160785706101
918 0.09197292410719912
921 0.06459802499848591
923 0.08280539184081591
925 0.06720731018219794
927 0.11309496036035396
929 0.06279558690405339
932 0.07247957214453891
934 0.07303637857028208
936 0.06832872975869576
939 0.08006703571247728
942 0.0818344535633969
944 0.06915547857086038
946 0.07031908333258342
948 0.06480070337177038
950 0.06585317857159224
953 0.06815106499882405
955 0.061798478569721746
957 0.06406567857072787
959 0.06285737857058393
962 0.1143934625245265
964 0.06767856499941446
966 0.0790414028813757
968 0.07609789642831401
971 0.06911392871327281
973 0.06768296499910775
975 0.06974590309537233
978 0.06568127857015041
980 0.07920459642705281
982 0.06757947856992816
985 0.06102207857099984
987 0.07019362500032002
990 0.07069560499899127
992 0.07087942499802012
994 0.10358433237927331
996 0.08297930761930274
998 0.06526328101381296
1000 0.06368959642768458
1003 0.06743005833309325
1005 0.0912213249995375
1007 0.07032514642621665
1009 0.07515877857101715
1011 0.06917977857108326
1014 0.3108621018474196
1016 0.06814968499895713
1018 0.06396137857179839
1020 0.06123331070878067
1022 0.06304420741569174
1025 0.07173013442857155
1027 0.07385582976053229
1029 0.06974402499995448
1031 0.06353422750039497
1033 0.06700707857085034
1035 0.08339939642778517
1037 0.20663088711917227
1040 0.26249941180876707
1042 0.06670702499927758
1044 0.0952488551426086
1046 0.08774859910736267
1048 0.07973713836354365
1050 0.06608337857246625
1053 0.06501517857172986
1055 0.05968031071643054
1057 0.06776917857273476
1059 0.08842499642805704
1062 0.07277876785719853
1064 0.10512695737911601
1066 0.10904723570624811
1068 0.12589207540986536
1071 0.06851744499954293
1073 0.06935546499971679
1075 0.06699267857143242
1077 0.059113078571272126
1079 0.06772435714401581
1081 0.07208850059814721
1084 0.09391141071341735
1086 0.06805132499944191
1088 0.09139167500457004
1090 0.06076772500277912
1092 0.06838799642787308
1094 0.0643766785709431
1096 0.06785378466511248
1098 0.06310617857229772
1101 0.06768612500004566
1103 0.06898146499938775
1105 0.06559357857145187
1107 0.061839378570903145
1110 0.06922312500009865
1112 0.06704560500011213
1114 0.09270442976176128
1116 0.09090577000592928
1118 0.07201332976028427
1120 0.0662877964279687
1122 0.06327067857087057
1125 0.06932318499975734
1127 0.07413822976136543
1129 0.06854649166598392
1131 0.06592797857115329
1133 0.06723647857247671
1136 0.06940784499938671
1138 0.07025717592960065
1140 0.05701255833319009
1142 0.0917635785717266
1144 0.058296791665952696
1146 0.0658247785715048
1148 0.06268057857191708
1151 0.06817392499992822
1153 0.06957837857003144
1155 0.06479261107019739
1157 0.06333007857169834
1160 0.06817580499982798
1162 0.064579424998783
1164 0.0919366297621309
1166 0.06431907857036093
1168 0.0566829785707796
1170 0.06791375833286109
1173 0.0675792678560356
1176 0.08531043070593114
1178 0.10965235737994591
1180 0.0736700789688257
1182 0.06896909166712249
1184 0.060044778571636925
1186 0.06998279166678002
1188 0.05681427857302879
1191 0.0700689849995342
1193 0.07218436500011194
1195 0.06873782499901607
1197 0.07425089642865713
1199 0.06397447857084446
1202 0.0705973249996987
1204 0.07022549642761078
1206 0.06774338499994882
1208 0.06520047857152347
1210 0.07782367857139436
1212 0.07089312400662494
1215 0.05868897857212686
1217 0.09660074428397822
1219 0.06533372500716725
1221 0.0684403249991192
1223 0.12732443571539992
1225 0.061325278571848676
1227 0.08079400942251594
1230 0.25777497822459733
1232 0.06726867857064464
1234 0.0963480319625887
1236 0.07527937071367886
1239 0.06358168372626095
1241 0.07035992499518216
1243 0.0683934571426107
1245 0.07286279820991694
1247 0.06808674642870757
1249 0.06069009166640171
1251 0.08761983571680501
1253 0.07310392261824747
1256 0.06848570499914786
1258 0.07131142857151643
1260 0.06183867857102997
1262 0.06447155266728258
1265 0.10199817130524025
1267 0.09602567284300677
1270 0.07321186309413862
1272 0.07461466614249732
1274 0.0676054583318546
1276 0.06600397857105235
1278 0.06720174507286172
1280 0.07548215357101072
1282 0.06567594624975756
1284 0.06450632280198078
1286 0.015533267857790634
1287 0.05372518884925942
1289 0.09870818452122876
1291 0.07458153079014664
1293 0.06883002499780558
1295 0.0670648650003386
1297 0.06418898832357625
1299 0.06255215833411966
1301 0.08810564404793696
1304 0.07040562499873884
1306 0.06841878714440099
1308 0.06889616000225941
1310 0.06748891472102514
1312 0.06324007857106152
1314 0.05847667857119632
1317 0.07319008757076517
1319 0.06782958499979941
1321 0.06596917857164043
1323 0.06699107857125454
1326 0.06705137856984036
1328 0.07617057157067395
1330 0.06513597857115203
1332 0.06081097857127134
1335 0.06345747857153583
1337 0.07927239642654059
1340 0.06609642500211521
1342 0.0729052447144568
1344 0.07722577857089163
1346 0.06745181831392985
1348 0.06634087857232772
1350 0.06283837857113214
1352 0.06274617856938677
1354 0.06537495833222239
1356 0.05961837857098544
1359 0.06307132500023727
1361 0.06104897857144352
1363 0.06428706571523435
1365 0.06585037857071255
1368 0.07154092499963552
1370 0.06612598500005332
1372 0.06833097857047507
1374 0.06263011071414439
1376 0.06299969166593655
1378 0.0642867074157948
1380 0.10429896964506044
1383 0.10101269071583374
1385 0.06160777857107859
1387 0.13088737410489554
1389 0.06994197857125073
1391 0.06516857857091053
1393 0.07042836309469748
1395 0.068794896426607
1397 0.07493543286013847
1400 0.07142477271431745
1402 0.0716948792520725
1404 0.06780539642750227
1406 0.06270692500065708
1408 0.07034939642726387
1411 0.07110180500039862
1413 0.07850379643277848
1415 0.062274578572350955
1417 0.06679462836464155
1419 0.06096121071009293
1421 0.06899717857008911
1423 0.07222092976057867
1425 0.08179268997937471
1428 0.0905958726189965
1430 0.09591415070744914
1432 0.0662388384293081
1435 0.07233216309464297
1438 0.08153174681533527
1440 0.06823622500005512
1442 0.07344389642753413
1444 0.07238664642900404
1446 0.07149227857112238
1448 0.06983777857162751
1451 0.06252227857180515
1453 0.0664895050002542
1455 0.06859584499961782
1457 0.07159453595536434
1459 0.07332689642748846
1461 0.06443412499820624
1463 0.06914197523874464
1465 0.06515877857123087
1468 0.06967977857088956
1470 0.06573857857251822
1473 0.05974287857202398
1475 0.07898402722789798
1477 0.06416747857142581
1479 0.06717247857154687
1481 0.06782907857082135
1484 0.070870764999745
1486 0.0926222707179477
1488 0.13116181738159868
1490 0.07179290499916534
1492 0.1244054873128789
1494 0.0685895863094629
1496 0.07466623273771801
1499 0.1030532907146153
1501 0.06708172499975262
1503 0.08638018833285058
1505 0.08903937857135134
1507 0.06867869166599119
1509 0.1059228476172848
1512 0.08206667857043613
1514 0.12336132946416001
1517 0.23021264999597407
1519 0.2112376262352882
1521 0.07807947857104411
1523 0.18664147857120955
1525 0.08014637857081652
1527 0.10032423571851723
1530 0.21895390516997398
1532 0.07306886585706707
1534 0.06613783392772346
1536 0.06143027857101514
1538 0.09244062781649519
1541 0.06750894499978131
1543 0.06645392500581693
1545 0.07887639642799514
1547 0.10505369642733056
1549 0.0721330583325198
1551 0.06627467857065314
1553 0.07326037857123992
1555 0.06315437857078907
1558 0.07010538499989706
1560 0.12267735990753861
1562 0.059001824999404553
1564 0.06629719916641078
1567 0.06802857857178424
1569 0.06925157857144769
1571 0.0638758785716618
1573 0.07183443571034331
1575 0.06400347857265842
1577 0.02918226785823208
1578 0.06622443714192944
1580 0.06939889166542344
