0 4.929590861722915
1 4.834604232143319
29 0.5738210976193509
37 0.4655469583334961
43 0.557314547618722
50 0.449953364285264
56 0.3843090976181942
61 0.422070997618272
67 0.43805234761939876
72 0.4660232476196171
78 0.4197620976198806
83 0.3233831976197535
88 0.3573060476194796
92 0.32262634761910086
97 0.37760049761809866
101 0.39042284761881363
106 0.4075826642863715
110 0.3787289976188761
115 0.2818996476186868
119 0.29346614761880396
123 0.31636199761933603
128 0.3544890059526098
131 0.05890318214363788
132 0.2928049023814595
135 0.23554504761823977
139 0.12663727380983605
140 0.29044101510885634
143 0.21456304761859987
147 0.48406094761858753
151 0.3271230976192839
155 0.18598642418533323
156 0.12718819642785206
159 0.22928649761898337
163 0.3310224476182214
167 0.30103774761929003
171 0.1758543044620069
175 0.19442754761885794
179 0.2650297476185245
183 0.19437436658460563
187 0.228015005952824
191 0.18492042856993288
194 0.11167612260127652
195 0.2129556964287076
198 0.256142877338965
201 0.3137654976185387
205 0.21797554881114242
208 0.3544264976185387
212 0.24494619761799755
215 0.22349143690421433
219 0.19478539761904023
222 0.2946810476184566
226 0.31050564761890775
229 0.2343853976183766
232 0.23070259761944376
236 0.21158064761776255
239 0.24113179761889683
242 0.08612944642845832
243 0.2518506904764118
246 0.29986038422538286
249 0.25017144761941956
252 0.19855114761913348
255 0.25836364762008657
259 0.2926212904740054
262 0.2094159476190725
265 0.3377795392850318
268 0.29762923373964434
272 0.25160454761908113
275 0.23233964761866446
278 0.2678690976187682
282 0.31395924761936833
285 0.2632341476196416
288 0.2925621476179912
291 0.1715000785709662
294 0.2561675476189521
297 0.2191544666665549
300 0.23594764761883188
303 0.04977255952616133
304 0.34498457663602267
307 0.3539383976180943
310 0.24839804761822962
313 0.2761413892847485
315 0.13704458928318292
316 0.2185254896968645
318 0.13591424631152904
322 0.20414939517474404
326 0.19437389761978927
329 0.2454595476187933
332 0.1657152934521832
335 0.23233669761802958
338 0.2479206476194121
341 0.1558511476184322
344 0.22016699761834385
347 0.3477272983539932
350 0.1667719976189801
352 0.19187507793158687
353 0.3769441059510541
355 0.16379105576481529
356 0.34325248333294667
358 0.15660306336371832
361 0.15256174761916558
364 0.17965844761993133
367 0.14312302857094888
370 0.1629787476186721
373 0.19526199761867247
376 0.2710057419245232
379 0.2404006976184064
382 0.312299547618477
385 0.22491464761851612
387 0.20847747999965796
390 0.22707214761949227
393 0.221371497619748
396 0.20209717857130727
399 0.17777719761825217
402 0.17355954962863507
405 0.1427659281372257
407 0.07231699007961524
408 0.12967287368423863
411 0.17757717647104976
414 0.15081719761938078
417 0.17685049761830662
420 0.2128832476198114
423 0.14504333690334764
426 0.2735566976190057
429 0.19968194761904676
432 0.10069736471893975
433 0.3802434498079113
435 0.1918791051551807
438 0.24642429119209056
441 0.20845854634585512
445 0.2206974588116623
448 0.23897859761773352
451 0.15579874962742224
454 0.2738859976178901
456 0.43484294761938164
459 0.2663893976186046
463 0.22734209761792953
466 0.343564647618132
469 0.21228854761948232
472 0.23976829761895715
475 0.17531234761836464
477 0.27697069761898085
480 0.15519339761840456
482 0.17387859761975044
485 0.22852204761920802
488 0.21623809761867957
491 0.18120297500150861
494 0.19007639761921388
497 0.2086653595206486
499 0.2004540976190583
502 0.1784199476184768
505 0.2122275476184768
507 0.17135124761871345
511 0.17633023452576702
514 0.1873079347982867
517 0.18272888479716592
520 0.19320638479805446
523 0.21277468479768236
526 0.16132863479908793
529 0.13957243479892445
532 0.19141610146382398
535 0.2030256847989448
538 0.14570439194121723
540 0.13455543394400132
543 0.14915635042291336
546 0.1897847264627444
548 0.13865333479791384
551 0.14072448479876132
554 0.14839898479788194
557 0.2024624847976384
560 0.14154325146530483
563 0.16409353479723454
566 0.13052180667259558
568 0.14463478479794953
571 0.15522248479776413
573 0.13962098479826177
576 0.33749853479841946
579 0.18119108479788787
582 0.25234930813920764
584 0.20574658479729352
587 0.34238545979828827
589 0.22817218479779058
592 0.1987877776580262
595 0.1423698347973413
598 0.16342413479726475
600 0.12009307408284257
603 0.1465818967055157
605 0.10062490524029936
606 0.4056174499996326
608 0.14960423479899423
611 0.12541150345466573
614 0.11595110741684493
617 0.1456027020685724
619 0.14876690741580206
622 0.19228173479734773
625 0.22342914147269538
627 0.16210318479772917
630 0.17626673479846894
633 0.15744653479816856
635 0.2033099347985854
638 0.15951758479861838
641 0.16755683808808047
643 0.1526696847982975
646 0.184330134797915
649 0.16490418479754682
652 0.15286455212201414
654 0.15885483479835324
657 0.2156828390911755
660 0.2422677824971629
662 0.24082440813903067
665 0.13207934022221932
668 0.3697127410062649
671 0.20460772646511033
673 0.12681498394349547
676 0.12004197317833128
678 0.13751473997409616
679 0.12052719642747434
681 0.19028234979862185
683 0.1262031740843213
686 0.14262515933546638
689 0.21816669147332277
691 0.17210113479925432
694 0.12778667408338149
697 0.15276203479827477
699 0.13974793479922032
702 0.13354708479894273
704 0.14024003890161799
707 0.13938638479851304
710 0.1484514347983577
712 0.13467233479989313
715 0.14048438479878764
717 0.1706175347975887
720 0.3521695209209156
722 0.18289903479765152
725 0.21391199722254442
727 0.17441508053748295
730 0.1805413487632905
732 0.1441276847979907
734 0.14020583479798465
737 0.149651434798784
740 0.17501972046334238
743 0.14706164930591972
746 0.19177826388881847
748 0.0772023285704222
749 0.15228644047469217
751 0.14408738479889957
754 0.17202184592185862
756 0.12859783479746054
758 0.20179438479974574
761 0.2005700070209286
764 0.13206291687670277
766 0.13396608479654337
768 0.1270887670630676
769 0.1268789821421251
771 0.1520772347974571
774 0.15126573479903976
777 0.13324863479849677
779 0.1358528339435679
782 0.14781213479911917
784 0.1344493347978869
787 0.13903016625434933
789 0.1627614347988356
792 0.14174352795257614
794 0.1534639347976053
797 0.1517033847982247
799 0.1385260847986729
802 0.1306510847975233
804 0.14174128479919543
806 0.12470237408479079
809 0.20612940502547863
812 0.14956079061181526
814 0.144721321702059
816 0.1234211297623915
817 0.1481118809514328
819 0.14381638479937914
821 0.1478687624764007
823 0.15426860567888526
825 0.13289379503025886
827 0.15161558207901302
828 0.12077819642513532
830 0.16437067646513698
832 0.1519513862882605
834 0.14666283479730277
836 0.15420174074166648
839 0.14144623394320208
842 0.14578783479776125
844 0.1736592347974011
846 0.13059208479755857
849 0.13485669192118618
852 0.21612078909198534
854 0.18792827765682887
857 0.13504618479857983
859 0.1419458847986107
862 0.16899509670143978
864 0.23519181815664753
866 0.12455072742277484
869 0.11838187408379786
871 0.13558193755186498
874 0.1536389347977319
876 0.14132763479758526
878 0.13126918479886174
881 0.1400684847980529
884 0.19465748479799466
886 0.2072983847978549
889 0.17247855146426908
891 0.206564828177136
893 0.17967648479682347
895 0.1500833874164869
897 0.1429601984105804
898 0.11935389285213205
900 0.16325067646516794
902 0.1413718347983604
904 0.1415353847993401
907 0.14632843479687385
909 0.15912558479760713
911 0.17859828479779488
914 0.1526709847980101
916 0.1439466847992889
918 0.1236501711823621
921 0.1463769991292793
923 0.1502509347983733
925 0.14790978479834388
927 0.12922025024333839
929 0.15254941254154347
932 0.19565658759163398
934 0.1579476347982791
936 0.06458758928508815
937 0.19195608333326766
939 0.1201416740836748
942 0.16184336717813044
944 0.1660880264643311
946 0.1410351847980792
948 0.13953563479828973
950 0.11961979341678596
951 0.12789992261646904
953 0.16402792646406392
955 0.14071283479845528
957 0.14159498479841656
959 0.1292382847979979
962 0.15773336813199426
964 0.14598140146356395
966 0.14660578479818015
968 0.14901623479802312
971 0.15318005146511945
973 0.2178768109053863
975 0.1478289347980762
978 0.1435186339422899
980 0.15226795979763205
982 0.14046142418441684
983 0.12363519642462961
985 0.13341370729854135
987 0.1531958347976115
990 0.16442075420470706
992 0.150993451464501
994 0.1599400431314279
996 0.1488604440802533
998 0.15497773479767152
1000 0.12592448479883844
1003 0.2029724943241717
1005 0.17641704890601198
1007 0.15292658479813775
1009 0.19340489813242806
1011 0.2222487347984725
1014 0.16257773196782638
1016 0.17062252646505832
1018 0.1600440347969425
1020 0.19070138479730753
1022 0.14249013479823136
1025 0.15343610216659723
1027 0.15782150357126742
1029 0.16508162716813782
1031 0.13136864761922878
1033 0.13799514761935822
1035 0.17751200000034253
1037 0.1766958873281964
1040 0.15913588095195333
1042 0.14899662960810925
1044 0.15648525216492995
1046 0.11968162775319797
1048 0.1414449738059375
1050 0.1385704476196679
1053 0.14088994761964385
1055 0.13056459761878614
1057 0.13485174761985946
1059 0.1481753391907205
1062 0.13341178333312204
1064 0.16135297154701217
1066 0.14965143690315014
1068 0.14176811707698106
1071 0.16890766428623472
1073 0.1495930771638086
1075 0.1439000476196725
1077 0.14012964761836882
1079 0.1553392476188947
1081 0.0920109471157782
1082 0.11780294166646854
1084 0.16170566523824167
1086 0.17146227716557405
1088 0.1653246476195363
1090 0.127167385120174
1092 0.14673239761846166
1094 0.14218234761933674
1096 0.1446076476203871
1098 0.1263647539677903
1099 0.1271028928558735
1101 0.15720055216402212
1103 0.14846124761893403
1105 0.13940634761943332
1107 0.12092349929869611
1108 0.12711458928417113
1110 0.1701004642859516
1112 0.1944463142860514
1114 0.21443350476074566
1116 0.16673679761802299
1118 0.18125199761902877
1120 0.1473748976184197
1122 0.1711964759511374
1125 0.15944584761832634
1127 0.30956984761878636
1129 0.25929223333355367
1131 0.15568524761961275
1133 0.150303247617876
1136 0.17850615216534613
1138 0.1345411476187564
1140 0.12850934761859206
1142 0.16186264761940944
1144 0.18470736762055828
1146 0.14794294761863963
1148 0.14479684523722
1149 0.1218631964254655
1151 0.14624295216217437
1153 0.16522012809527947
1155 0.1374821476201305
1157 0.14313054761928473
1160 0.17086980216572556
1162 0.16192954761877448
1164 0.12445865357180992
1166 0.20440919047941858
1168 0.14776314761907092
1170 0.13031682827568147
1173 0.1411664976188604
1176 0.15791884999885042
1178 0.1690819215484226
1180 0.15529880999970377
1182 0.138426047618259
1184 0.14473384761909078
1186 0.14061854761853282
1188 0.12059579761894383
1191 0.1731984392853065
1193 0.1693512642856603
1195 0.142629947618434
1197 0.14413279761843117
1199 0.1560446476190464
1202 0.16037321277849514
1204 0.15936012716547335
1206 0.1327047976182712
1208 0.14500664761940246
1210 0.1505612976184693
1212 0.07806970722857741
1213 0.1468882273807966
1215 0.14841936428601915
1217 0.15372545595209886
1219 0.17929656225828694
1221 0.19580674761978123
1223 0.18412294540330543
1225 0.21417414761867803
1227 0.10031748309112724
1228 0.28174744642774385
1230 0.22081471425562998
1232 0.16378749761893235
1234 0.1395543537915273
1236 0.10753291077592692
1237 0.13685591666658833
1239 0.21468137353454037
1241 0.2180456917065384
1243 0.14965601845301535
1245 0.129638749403648
1247 0.13554104761929014
1249 0.129980152299413
1251 0.14300583690433083
1253 0.09128128025713522
1254 0.13723982142710156
1256 0.16523541428664426
1258 0.15036139047965666
1260 0.13829314761946992
1262 0.13696249761956097
1265 0.13320362978765843
1267 0.14723890356995067
1270 0.15757750357106484
1272 0.16331084761800416
1274 0.14933049761907569
1276 0.13618419761819495
1278 0.1589227976193342
1280 0.14902123866090733
1282 0.14095054761869502
1284 0.14848774761917408
1287 0.12956877716201237
1289 0.15237158095246744
1291 0.1545153500080687
1293 0.16537991360969503
1295 0.13935744761888597
1297 0.13351689761834679
1299 0.14563649761835226
1301 0.11244019087339435
1302 0.12747478214178046
1304 0.14580084761942086
1306 0.149885797617344
1308 0.16034714761894975
1310 0.13785174761919733
1312 0.15606372261945584
1314 0.14832139687955528
1317 0.1565573699996548
1319 0.18915305202394841
1321 0.15293859761873133
1323 0.11780918302866458
1324 0.13860909166507038
1326 0.13549949761886637
1328 0.15360039761776534
1330 0.1457617976182064
1332 0.10469476428443159
1333 0.16523149616891716
1335 0.15624514761798305
1337 0.28517494761922535
1340 0.25989885812664404
1342 0.19771554285975987
1344 0.23414844225881107
1346 0.2506855833335976
1348 0.13816474761856629
1350 0.14521429762039592
1352 0.14405649761915815
1354 0.1386503976198128
1356 0.13663970237959505
1357 0.13071178214331666
1359 0.14486559762021894
1361 0.1296556976194097
1363 0.13912284762041055
1365 0.1388194976190334
1368 0.16864183928528298
1370 0.16116986428519336
1372 0.13580899761850557
1374 0.15825017511838269
1376 0.14789339761878179
1378 0.14223374761872948
1380 0.10506592262004233
1381 0.13897297889320726
1383 0.15498736999961693
1385 0.179866814285242
1387 0.16331746816726994
1389 0.14358574761786258
1391 0.14718874761961157
1393 0.1783599476184009
1395 0.1623059976194327
1397 0.10721804642859449
1398 0.13866386309473455
1400 0.17281116428457602
1402 0.14580134761904442
1404 0.1458028476190066
1406 0.14429936095280027
1408 0.13528639761912015
1411 0.22557015207976291
1413 0.1502076476184357
1415 0.17611294047242154
1417 0.13220199761885848
1419 0.14316449761986405
1421 0.14120504038223775
1423 0.16748933095095708
1425 0.10133568332412324
1426 0.1327904380941618
1428 0.24340910481059827
1430 0.15730492999964557
1432 0.1456640476185839
1435 0.1608778834502118
1438 0.16011200356952035
1440 0.15402787716593597
1442 0.1631727771630267
1444 0.14887159761906332
1446 0.15772104761958872
1448 0.12100456904622664
1449 0.14515999880914024
1451 0.16904512716605502
1453 0.1832968127790537
1455 0.19246723095311602
1457 0.1756433976189782
1459 0.1625606976196195
1461 0.1364602476186974
1463 0.14510358178677052
1465 0.1181816445675675
1466 0.12709351785497347
1468 0.1665026976182617
1470 0.14029909761879938
1473 0.13255655216548806
1475 0.14364299761905386
1477 0.13698569761922957
1479 0.15392484420362962
1481 0.13358674761852857
1484 0.14834205216398008
1486 0.1562297699999363
1488 0.1829721309522938
1490 0.1687619642856135
1492 0.156208313010211
1494 0.17353879761899413
1496 0.08070008690421153
1497 0.1653541055263059
1499 0.15555788999995457
1501 0.16298443928490083
1503 0.16290801571358315
1505 0.1574897976197008
1507 0.1591504509545302
1509 0.11330973333083419
1510 0.13684166428211025
1512 0.18441591278028688
1514 0.15528074069929967
1517 0.15541135595308336
1519 0.156031788605469
1521 0.14747159762005144
1523 0.13796959761925792
1525 0.1447853476188811
1527 0.15370903690482013
1530 0.17006578095256367
1532 0.16738580216260737
1534 0.1488281476189059
1536 0.13749674761979808
1538 0.11337995758402448
1539 0.13352951785515998
1541 0.22039272969823287
1543 0.23029508054360112
1545 0.17666446936505054
1547 0.1550863559526078
1549 0.14504389761909803
1551 0.19566029761872408
1553 0.1457454976194185
1555 0.14708639761970513
1558 0.22976225811967196
1560 0.15039639761903345
1562 0.1780309476183448
1564 0.15663279761915877
1567 0.14733912857036557
1569 0.13882639761936844
1571 0.13007474761848242
1573 0.13505730128108556
1575 0.1580150976189088
1578 0.16913222716725607
1580 0.16331743928531064
