1 5.221642242858155
29 0.33649804285689267
37 0.4252755834058131
43 0.37322647619009425
50 0.5104048761904815
56 0.4225908761904104
61 0.30190870952398724
67 0.3437598260000859
73 0.3177544761914977
78 0.3400811095233536
83 0.2708481095228565
88 0.2797659095242342
92 0.29308664285662467
97 0.3067856761912093
101 0.35095010952308314
106 0.3113045122862453
110 0.34439977618993983
115 0.48146584285704275
119 0.2990095428576875
123 0.030797785715591885
124 0.31246324175824297
128 0.3654373611114655
132 0.4281679095243284
135 0.1867013095245132
140 0.3283352428574365
143 0.31481527619011257
147 0.2850215428576802
151 0.2466098095237081
156 0.3016548674542605
159 0.2777994095239969
163 0.21657250952388643
167 0.23143484285659885
171 0.25148260952362295
175 0.23439575264022766
179 0.28435387619126673
183 0.18000974285745686
187 0.2396491277782011
191 0.17159468452234322
195 0.18178186028593848
198 0.225536040332643
201 0.18775760952340373
205 0.25446387619134997
208 0.24497754285682743
212 0.21173205635071213
215 0.06745842857079817
216 0.16346926785712412
219 0.2428363443072443
222 0.19247794285766598
226 0.1611133789694179
229 0.16585307619037995
232 0.25507654285757647
236 0.25297160952444914
239 0.14888064285660982
243 0.14163130952463238
246 0.19937417619125128
249 0.2111880761904787
252 0.13657847619143307
255 0.07095427310948942
256 0.17358731318632598
259 0.13301668814657808
262 0.23050380952382726
265 0.2676581428560707
268 0.18312044285640913
272 0.09831567618952784
275 0.15915154285756125
278 0.23406357618924847
282 0.15288920444429174
285 0.1558258761901433
288 0.1691360761901214
291 0.1581204883696197
294 0.18182540952267345
297 0.10310402500033047
300 0.10013604285593748
304 0.1363701095234432
307 0.16284107619028806
310 0.1140793428560869
313 0.13228568214198425
316 0.18669567619021638
318 0.19567824285730165
322 0.18735682138642465
326 0.08785983139393919
329 0.11959609628512079
332 0.10507295294358222
335 0.11323690952277723
338 0.19669880952385851
341 0.1731537880950782
344 0.15415394713155214
347 0.17529197619003686
350 0.11648899931346558
353 0.1675726761901804
356 0.1589703095238709
358 0.17175843685817355
361 0.10606981740821772
364 0.13014042369185297
367 0.12950486678404338
370 0.08630399214194609
373 0.09497795833406907
376 0.17930701772412852
379 0.13246387618987307
382 0.10735119908703918
385 0.17469644285663816
387 0.19187953416547998
390 0.1710135095227505
393 0.24553320952386068
396 0.18700847619000263
399 0.11850872313222004
402 0.20177754285551835
405 0.12748111144468718
408 0.09419897628788852
411 0.09502583610962655
414 0.1055112775970315
417 0.13120780952411157
420 0.11331062284154246
423 0.08321749805886611
426 0.0833277781943384
427 0.1407720238088204
429 0.06994796070972598
430 0.12622872857094763
433 0.1460349060801226
435 0.16232837619013105
438 0.14839157619036314
441 0.11045834285588405
445 0.1397256095233805
448 0.14064634285615518
451 0.09375689432181773
454 0.13865499026139017
456 0.08178666931100319
457 0.0759165998982212
459 0.11476350952396307
463 0.14860727619062572
466 0.15122660952303021
469 0.09856330952350544
472 0.09712786472581071
475 0.10356140952218315
477 0.09088247618963498
480 0.11008183076772492
482 0.03259308571356314
483 0.13317430571445363
485 0.05704935714075939
486 0.09377233035587551
488 0.1025300095227483
491 0.1556777600573697
494 0.11038514285669034
497 0.1137423095241009
499 0.06031103928667594
500 0.13707201785535972
502 0.10839924285741818
505 0.1420193721715615
507 0.04511693290003327
508 0.09015840977385901
511 0.09328244404869497
514 0.10272531388943662
517 0.12273894285712386
520 0.09720574828524299
523 0.09781177618952668
526 0.09606759166515526
529 0.08353893293550914
532 0.09199280828416555
535 0.1062835761900791
538 0.11863825238230373
540 0.12152424285590467
543 0.10036258999887958
546 0.1300930428553405
548 0.08484097657038997
549 0.08932115714358133
551 0.03357788095206615
552 0.09650255820121884
554 0.09156774285566673
557 0.09900758071337352
560 0.0895279807138802
563 0.09594094285634287
566 0.09915224285633338
568 0.08197887618960072
571 0.10409624285694764
573 0.059379214284474215
574 0.08749501785541725
576 0.08322309880798757
579 0.10110916944187619
582 0.12238264285692059
584 0.10045625357106477
587 0.11094894285555858
589 0.036273928570608405
590 0.1194158602475444
592 0.11482894285625202
595 0.06807631864892304
598 0.09649734934256844
600 0.06760154285627774
603 0.09479586428753924
606 0.09701470952332635
608 0.07922797618940262
611 0.1077422566652104
614 0.17082724285702017
617 0.08514554285654868
619 0.08231077618930453
622 0.09535309245594213
625 0.11770188928505831
627 0.08613269211640535
628 0.04946407142710996
630 0.10061594300480006
633 0.10390016999945897
635 0.09059454501322044
636 0.252338071425811
638 0.09588740952198503
641 0.14656560943015687
643 0.09544431868000808
644 0.09623303571390807
646 0.09221324285661008
649 0.11552858030658318
652 0.14254097377256592
654 0.10060112658711653
657 0.12212357618925575
660 0.15558394285660607
662 0.11428117618859227
665 0.15140725612144845
668 0.13249760952198042
671 0.10052674398727209
673 0.09222091388820296
676 0.09379756321288067
679 0.08811310214236229
681 0.12250974285629282
683 0.1669685541859476
684 0.25043207142812207
686 0.08616154285598436
689 0.09344688928579979
691 0.047654214286516054
692 0.09139454631304034
694 0.07000557618976776
697 0.09488059708409459
699 0.09881427618960668
702 0.09192584285754042
704 0.08499159880906677
707 0.10141665868635914
710 0.10873164028588088
712 0.08596734285669455
715 0.11123657619022344
718 0.0866564456340257
720 0.08765919628601
722 0.09057627618877481
725 0.1516165538812023
727 0.0940869428558851
730 0.09747453214232184
732 0.11494357618958782
734 0.03141607142538305
735 0.11694879556632157
737 0.11632108452423227
740 0.15193142918682648
743 0.10130870952338386
746 0.14168898721274378
749 0.10822827618947037
751 0.10171227618951276
754 0.10660594285637524
756 0.15901780952318254
759 0.10168037618939252
761 0.13842067618953327
764 0.1053734756557181
766 0.07524530952392366
769 0.10915087628626066
771 0.10276398227310142
774 0.08939197618947978
777 0.09944007847405671
779 0.12340970952288899
782 0.09522623783187402
784 0.08999831462628367
787 0.09135310952243185
789 0.08049004285668014
792 0.09139046028518959
794 0.09056212500006494
797 0.08591637618935694
799 0.08315684285596485
802 0.09396617618944376
804 0.0863121654803005
806 0.0357475476195835
807 0.08077159523795503
809 0.09313330436348229
812 0.09062257618880575
814 0.07674870952269731
817 0.09317127618943079
819 0.09282039880767275
821 0.09495210952282683
823 0.13096704236305265
825 0.11992723968132855
828 0.16028597618903861
830 0.09824230952284936
832 0.16568398799731765
834 0.20097324285532076
836 0.1614819268835995
839 0.12470474285529089
842 0.10026210952401772
844 0.1095721428559728
846 0.030573880953738808
847 0.12458444708958002
849 0.09193150952321498
852 0.08858935914096651
854 0.08456474285674176
857 0.09088530071304982
859 0.08071284285646621
862 0.10477194285735246
864 0.08591567618963535
866 0.08104010952332975
869 0.08449174428431733
871 0.0897572428576874
874 0.08652268214218567
876 0.08419590952417667
878 0.08985074285623494
881 0.07223251015861938
884 0.08140990599915017
886 0.08138490071344981
889 0.08960718634019335
891 0.0915001428576412
893 0.08552445237993038
895 0.08410587618983147
898 0.08380926428408961
900 0.09061451499900769
902 0.07755872658641084
904 0.08644010590995971
905 0.04884292821384406
907 0.10408784285640803
909 0.09783947619017307
911 0.12579164285568822
914 0.10347874285720683
916 0.10988500952232702
918 0.03553035714289113
919 0.09205068633523593
921 0.14790031230096098
923 0.11335282385228619
925 0.1835352761889908
927 0.16232977618935818
929 0.15211665505999009
932 0.08195348214157998
934 0.08921404285727026
937 0.09184844285634879
939 0.08024850952285761
942 0.09252717142570259
944 0.08603900952276343
946 0.0944378095233409
948 0.08767657618961949
951 0.08970870952356719
953 0.08438550952263696
955 0.08743824285600117
957 0.08781304285652515
959 0.0374259761891709
960 0.0750872619044923
962 0.09119404285648523
964 0.0931623761910259
966 0.0840551095224707
968 0.10666837499893514
971 0.08023424857078681
973 0.0931688761891034
975 0.08951250952238747
978 0.12931497618914511
980 0.08689234880746427
983 0.08683710952313196
985 0.08171400071374445
987 0.0979384916665822
990 0.16367832172437966
992 0.08496170952282683
994 0.09319177618933731
996 0.10259380952199984
998 0.08327210952333348
1000 0.07114336626881747
1003 0.09541163611045252
1005 0.118365168649719
1007 0.0807990303548043
1009 0.09354030952400376
1011 0.08154752597233085
1012 0.057205334955028775
1014 0.08502534563383507
1016 0.10517527618898535
1018 0.08903157619007138
1020 0.09291365356997026
1022 0.08725967592752461
1023 0.061648451428482076
1025 0.09960681630306385
1027 0.0819868371680362
1029 0.09736665618991845
1031 0.08385514285505452
1033 0.08449080952336767
1035 0.09080001547489093
1037 0.08744594285619019
1040 0.08893806626756491
1042 0.09401232285560286
1044 0.08281384285651255
1046 0.07836457618936947
1048 0.08438640952270669
1050 0.0878438915318906
1051 0.05185185321465724
1053 0.08675224285587618
1055 0.0917479535708328
1057 0.09469817618939182
1059 0.09599171045518538
1062 0.0906540761895333
1064 0.08445400952242994
1066 0.09199097618992096
1068 0.07269387618927498
1071 0.089151342855818
1073 0.085923942856319
1075 0.08661517618973756
1077 0.08211794285618149
1079 0.07360471428651179
1080 0.06421909999994568
1082 0.0820016607143013
1084 0.11819113261873714
1086 0.08514287618983564
1088 0.07971500952254855
1090 0.08772717619002225
1092 0.07589147703000283
1094 0.08160854285677789
1096 0.08591074285488204
1099 0.08869250952334368
1101 0.08329097618972506
1103 0.08546880952279333
1105 0.08614517619093931
1108 0.08792147618922468
1110 0.08625147618981827
1112 0.0856112299995857
1114 0.10074373015936544
1116 0.09271897618874993
1118 0.08047912658485074
1120 0.07434383749811484
1122 0.08320647618973755
1125 0.08220210952199518
1127 0.08232870538687774
1129 0.09618900019713687
1131 0.0838125428567613
1133 0.06433877819418551
1134 0.06927724025635228
1136 0.08645984285632653
1138 0.09064010952298909
1140 0.08432156944406116
1142 0.09098120952289716
1144 0.08591861388784613
1146 0.08464138571216612
1147 0.0537674782146496
1149 0.09058096071380534
1151 0.0836071095234881
1153 0.08889630952285188
1155 0.08985610952193687
1157 0.05827554395490064
1158 0.08572503781553734
1160 0.08297864285615711
1162 0.08377870952264561
1164 0.08291814285641226
1166 0.0818906761898233
1168 0.09467334285674646
1170 0.10732545922869582
1173 0.07316824837483757
1174 0.09316782142946067
1176 0.08219384999855114
1178 0.08638054285579527
1180 0.08896080952152556
1182 0.09646047174622562
1184 0.07978544285732216
1186 0.09829264722191812
1188 0.03535735714349357
1189 0.08730994571262272
1191 0.08301332199915425
1193 0.09275850952188501
1195 0.09679672176292413
1197 0.08208611547629512
1199 0.07798567261814543
1200 0.054070680713418064
1202 0.08423990952222392
1204 0.08254068214211356
1206 0.08452542424279268
1208 0.09177324285624304
1210 0.05305927380921579
1211 0.09354406349115779
1213 0.08422147618968358
1215 0.0798163095232818
1217 0.08594050714123114
1219 0.08120025000033211
1221 0.09554565833115401
1223 0.0851329761897584
1225 0.030818071427574978
1226 0.08249524384256861
1228 0.0962505428563873
1230 0.08225297618951116
1232 0.09373727619029819
1234 0.07705794285619351
1237 0.08967310952364946
1239 0.09276292182341124
1241 0.09361367618980691
1243 0.08607440952274988
1245 0.08684177618859698
1247 0.08941799642822536
1249 0.08791298055487755
1251 0.07470008928544303
1252 0.05989216222800072
1254 0.08934857619043822
1256 0.08777730952274392
1258 0.09104224285615596
1260 0.10361870952348605
1262 0.08079817618971293
1265 0.0852850095229011
1267 0.09295780952193129
1270 0.08188239880848112
1272 0.08094409799920572
1274 0.09522554682289415
1276 0.08569110952213731
1278 0.09433588746293835
1279 0.04835627714282964
1280 0.09209430952282678
1282 0.07467410178473649
1283 0.05422187321452535
1284 0.08835887415462956
1285 0.05690268765647488
1287 0.0828551854368622
1289 0.0959084095224322
1291 0.08093854714441781
1293 0.091440776188468
1295 0.08408544285613663
1297 0.0798655761896498
1299 0.08993093611156838
1302 0.09169137618951022
1304 0.08658793514049043
1306 0.09283770952286739
1308 0.08750010952264048
1310 0.07615945043515547
1312 0.07823077618930559
1314 0.14178365506051402
1317 0.0817353035333781
1319 0.08579320952274737
1321 0.07856351242128802
1322 0.0752222142826083
1324 0.08289690071361906
1326 0.0925139761906545
1328 0.08468931822124731
1330 0.08902867618921845
1333 0.08838367618974803
1335 0.08866656028541615
1337 0.08794293214085278
1340 0.08396515000010069
1342 0.08450408857082346
1344 0.0956610095225945
1346 0.09176504285625627
1348 0.09091157618927352
1350 0.08596357618985168
1352 0.08598484285462286
1354 0.09376115595047542
1357 0.09098704285577998
1359 0.08233944714220343
1361 0.08324250952326415
1363 0.08803117619083121
1365 0.06009031318409631
1366 0.08866697899136797
1368 0.0870972761899642
1370 0.08598644285540712
1372 0.08500857618911749
1374 0.09315305357014654
1376 0.09013320368941709
1378 0.0878905220805651
1379 0.05386389571344807
1381 0.09212544285675596
1383 0.08410717619003667
1385 0.08595906428466459
1387 0.08302510952327498
1389 0.09279044285632755
1391 0.08059594285655299
1393 0.0788368710303833
1395 0.07732098214099399
1398 0.08369550952297682
1400 0.08203920857067715
1402 0.08773604285665898
1404 0.07588471547469448
1406 0.09032279166722218
1408 0.0788383072205761
1411 0.08911937618912211
1413 0.08992658214281918
1415 0.08856757618918892
1417 0.0791843151256217
1419 0.09270355357002695
1421 0.08810290952261914
1423 0.08062462658579835
1426 0.08958434285591466
1428 0.09073134285519392
1430 0.09093080952402488
1432 0.0936001762385938
1435 0.08065457103073945
1438 0.07936804071384056
1440 0.08225054285620285
1442 0.08149708214192895
1444 0.08145718214307936
1446 0.08856910952389012
1449 0.07891101230164475
1451 0.08494404071363229
1453 0.085192409522233
1455 0.08214447618831099
1457 0.09267344285588784
1459 0.08143411785586069
1461 0.10351977618891704
1463 0.08590720952217148
1466 0.08273290952342904
1468 0.0885881095226826
1470 0.08718770952359596
1473 0.08664834285586948
1475 0.09678864285604806
1477 0.07866500952230428
1479 0.08421530952262703
1481 0.0837524642848469
1482 0.055363727828459254
1484 0.0857739761884811
1486 0.09048074285681952
1488 0.09550577618945987
1490 0.09010484285483172
1492 0.08871354285579396
1494 0.09419244285571347
1497 0.08266780952309696
1499 0.0847631428572186
1501 0.09429382499962842
1503 0.08208430599928153
1505 0.08766417618906712
1507 0.0963903472212375
1510 0.0846703428563615
1512 0.08871347618946857
1514 0.07658486071354671
1515 0.0721869142844753
1517 0.08943939642760293
1519 0.07998732071400809
1521 0.09743107618980197
1523 0.08212684071384803
1525 0.08496180952323201
1527 0.08919561688245187
1528 0.08635469642672433
1530 0.09743974285503708
1532 0.0809887747142057
1534 0.10542307618884475
1536 0.0798598428566795
1539 0.08948964285696093
1541 0.08837344285683074
1543 0.08890820952324247
1545 0.08676234867722689
1547 0.1123749484896356
1549 0.09928874606659212
1551 0.08640314285532141
1553 0.09320437618985129
1555 0.07756196428492029
1556 0.05869211822717565
1558 0.0892350095227963
1560 0.1193791428567086
1562 0.08648510198243761
1564 0.08043430952270687
1567 0.13199864285641819
1569 0.0869325309519051
1571 0.08567604285691834
1573 0.09171660952216983
1575 0.0987421761892165
1578 0.0825886262114484
1580 0.09701236507723184
