1 8.788830025157155
29 1.23460378333258
37 1.393175750000576
43 1.1545303333342565
50 1.0716084666674912
56 1.0712265500009808
61 1.1918934833329762
67 1.2451689333333273
73 0.9206986666661353
78 0.9837781666661324
83 0.8366127416661234
88 0.8605569833331473
92 0.6877920466662221
93 0.8174513333329401
97 0.8034111981489929
101 0.8797289833337646
106 0.8468476500004719
110 0.5139083100773273
111 0.9216638431375871
115 0.8542601749956539
119 0.5771982222214441
120 0.5974066135422068
124 0.8700469788066838
128 0.7851735111110827
132 0.7834996166657202
135 0.09276061178700191
136 0.7918995911956108
140 0.8418459666669734
143 0.6549169111109591
144 1.0055372000001535
147 0.20770114687609284
148 0.7974935083327006
151 0.6542716666657665
152 0.8554897777778161
156 0.7060731499994521
159 0.7033555333334008
163 0.20357771428528446
164 0.9714532051279361
167 0.6744672499995418
171 0.5983814791662595
172 0.864280249998662
175 0.7921879518520948
179 0.8012956833334693
183 0.6798600000004907
187 0.9360526999997067
191 0.741935538890042
195 0.7005330666666464
198 0.7390560999993051
201 0.6463865602836564
202 0.6300550256409413
205 0.7580059833332272
208 1.014174283333944
212 0.8844315000002091
216 0.7705487499993969
219 0.8326010055535895
222 0.6052230000005985
226 0.671512250000002
229 0.7417974499996468
232 0.3327649809520549
233 0.7825453733325
236 0.848895049999492
239 0.7408479500005926
243 0.6703267759251239
246 0.6550665500004456
249 0.6558813806570967
252 0.604828878788232
253 0.6241766666681883
256 0.60255861666526
259 0.5675407976174639
262 0.6313297796310694
265 0.5502408333322891
268 0.33305530138168576
269 0.5102193406031155
272 0.5663064833329151
275 0.6830066666656571
278 0.5610644733315738
282 0.5526540446426297
285 0.6189115166687388
288 0.6551449499995364
291 0.660763299998704
294 0.6539378666659864
297 0.24256877301588714
298 0.5876365000001406
300 0.03519699999846655
301 0.565730245612979
304 0.7048991666652761
307 0.7339218166664827
310 0.5481617499998492
313 0.5981658666658706
316 0.6452928592566877
318 0.404205911110792
319 0.6972081999985408
322 0.6052379499993632
326 0.624252716665751
329 0.5842649814815817
332 0.6864488166658852
335 0.6254211499993142
338 0.6034289999997926
341 0.3666515333323911
342 0.21373239999978744
344 0.5151792019225426
347 0.5810373495900762
350 0.586154874999951
353 0.6104824572898946
356 0.5825770617844269
358 0.15015616423958517
359 0.569270645832546
361 0.6322363999993141
364 0.5761111416661987
367 0.5310004833330906
370 0.5396455166669015
373 0.5705791333333315
376 0.27307071666671656
377 0.43190812499917314
379 0.5497393999991046
382 0.6177787777761068
385 0.5952007222211364
387 0.3159666451251751
388 0.5559444696959559
390 0.5614451833324737
393 0.5568782090518274
396 0.5363546666659575
399 0.6337164499989895
402 0.500261049998957
405 0.5800998197517659
408 0.6114540166652133
411 0.2905879679521858
412 0.690220205126685
414 0.6336984833330307
417 0.6902608833331669
420 0.649257749998848
423 0.6098682499984989
427 0.6232912166657271
430 0.5952005333324831
433 0.620511373661164
435 0.49903069999923044
438 0.4818794976185066
439 0.5291268359791655
441 0.25665441803113254
442 0.5753200909080717
445 0.5966274257203092
448 0.6386565166658473
451 0.6864810333330305
454 0.6306407166666903
457 0.705474549999553
459 0.5893190999996926
463 0.581624616666417
466 0.6596095166652496
469 0.5670129759247513
472 0.6186634037032028
475 0.5408453148127926
477 0.5854318333335724
480 0.4913409416662447
483 0.5234074999997347
486 0.560548911112168
488 0.5898525166664967
491 0.5421246499985273
494 0.5157916499998547
497 0.6182599666662554
500 0.6068321666656182
502 0.6109188666660119
505 0.6000889185187506
508 1.0208180166654994
511 0.5874463148143325
512 0.6345826666677491
514 0.638770899999774
517 0.6298988666656669
520 0.6148088999994417
523 0.5249110999988493
526 0.5628673666652422
529 0.5183785166657033
532 0.5694970833321583
535 0.5864126071757028
538 0.5540177425927372
540 0.5824517666649244
543 0.5574936333329712
546 0.7007149833324464
549 0.4602672499991591
552 0.5182376277774521
554 0.5921480499991577
557 0.5976161055539558
560 0.8621854999990554
563 0.5597309668489671
566 0.49102423333244266
568 0.39742296078397393
569 0.4781192222202814
571 0.554801999998941
574 0.5909739666651382
576 0.54106378333244
579 0.5285589999992376
582 0.5188082324286147
584 0.5051053809517211
585 0.5072285833317665
587 0.5611453555560574
590 0.5917687499990509
592 0.46438889761897506
595 0.3860573137245282
596 0.4097744444437063
598 0.5850222981481393
600 0.42986358823506493
601 0.4525928888875922
603 0.6041291666661202
606 0.6428420632614544
608 0.3957736439395541
609 0.5468015208325596
611 0.5505454502062471
614 0.5512467499997766
617 0.5698506444438325
619 0.0543340833324919
620 0.4753685416673247
622 0.5335428353328319
625 0.4507180605645321
628 0.39856911666653705
630 0.5084425483355445
633 0.5605139870354988
636 0.5465393796295607
638 0.5055604666656032
641 0.49341526974984257
644 0.4884487166645608
646 0.4730937999990746
649 0.5916524818660563
652 0.5681722000001407
654 0.4409475833317852
657 0.4628444050399522
660 0.4594886438979524
662 0.4747204383416746
665 0.491734866666608
668 0.596291644794792
671 0.5219506611105089
673 0.5081535157395825
676 0.4371991999992061
679 0.5297986999989239
681 0.4956223119991741
684 0.4553632999990063
686 0.4888041666659397
689 0.4566344105651756
692 0.5034124277773804
694 0.49088348333258053
697 0.569367646295049
699 0.45410308333220334
702 0.5810968351862965
704 0.3172768226173056
705 0.4642676190473345
707 0.45030816436897936
710 0.4677307833335512
712 0.44025996666662237
715 0.5171379333326974
718 0.4568822541758204
720 0.4491407476172381
722 0.06675507321324403
723 0.4406424293783043
725 0.4514176767378863
727 0.2606517364193977
728 0.3081743906259636
730 0.4899082656161298
732 0.450667499998925
735 0.4501349999996369
737 0.39182674666640677
738 0.34595875208283366
740 0.4917378833327276
743 0.5959089333325737
746 0.7861426499990785
749 0.4856367666665093
751 0.4644500499996483
754 0.45573254642876376
756 0.46689846666555107
759 0.44542691666557943
761 0.2805336358041916
762 0.3505828333325478
764 0.4823722685179374
766 0.4412463499988239
769 0.5393078907397316
771 0.4823862876923241
774 0.4506705166667339
777 0.56546408333254
779 0.22127118390755712
780 0.36434665591289017
782 0.4556217499996747
784 0.48429443333227434
787 0.46221932030291507
789 0.460350766665541
792 0.4807371481481146
794 0.5015741166661345
797 0.5368635166659177
799 0.47739565000012996
802 0.43003071666621545
804 0.4252666333324296
807 0.5192274919491267
809 0.45802841666617683
812 0.5364262496450153
814 0.4811170333330282
817 0.44688349999830734
819 0.5189105291634101
821 0.4433881277772116
823 0.4849997116320992
825 0.17269836803596952
826 0.3741008833321987
828 0.4840703981465523
830 0.5107286208341437
832 0.43752099999954547
834 0.4817060666661064
836 0.16447047472001183
837 0.43739086666721017
839 0.4726290333329954
842 0.5304913041654122
844 0.4661437999990312
847 0.40296474166574026
849 0.5726932833325546
852 0.4561321196912641
854 0.45705519761919083
857 0.4892360713742763
859 0.17433627592324677
860 0.408724233332737
862 0.5019589166648297
864 0.46926813107623644
866 0.4117165166661148
869 0.4772899111099677
871 0.38954253703647135
872 0.2651773333306741
874 0.4551789166661815
876 0.4580663666698833
878 0.06956932708196746
879 0.45365055151390155
881 0.4822017333324311
884 0.5071602541659248
886 0.5247803063653925
889 0.47848878703568254
891 0.4998023514133216
893 0.46503946666515816
895 0.2060412333335838
896 0.3946306416663424
898 0.4727200666657304
900 0.5164995333334667
902 0.45066578333228335
905 0.5371652682162986
907 0.5071736018511118
909 0.47637931666585326
911 0.2961527719303975
912 0.3644418787857726
914 0.489641472221229
916 0.43519088333325684
919 0.5250335018508244
921 0.4315126330696026
923 0.45972656666625966
925 0.45199814999950055
927 0.18851978333297034
928 0.3647791981975759
929 0.061851539285044055
930 0.45036392071752124
932 0.45288517936614164
934 0.4727412166662894
937 0.492557513144213
939 0.47125013333318244
942 0.4916588632293352
944 0.5060989055557601
946 0.5176251166667114
948 0.4416233166663837
951 0.4486197166659167
953 0.5065986666674467
955 0.48793168333318965
957 0.4091320666659411
958 0.3892617999982652
960 0.4699410703684563
962 0.4823173577628345
964 0.5115890999989832
966 0.4276396333319026
968 0.435912099999246
971 0.5199791481463231
973 0.4517207337088776
975 0.06945289714315095
976 0.43255286781518154
978 0.49776848333254614
980 0.20383766666600422
981 0.44341613888887993
983 0.45660101666588476
985 0.4845105166656367
987 0.4727321666655903
990 0.5054851166659236
992 0.47476167222172
994 0.46679952473346736
996 0.4772895666659911
998 0.47698349999890605
1000 0.43775093333305637
1003 0.47026360436388265
1005 0.4637937142835281
1007 0.4623627666648567
1009 0.41238013607397045
1010 0.22924624687423148
1012 0.5020063999992006
1014 0.506155763513182
1016 0.5132100666667834
1018 0.5220597333323517
1020 0.5293362333320674
1023 0.5152524333321935
1025 0.4979855959938649
1027 0.4830468949285205
1029 0.5058078422907639
1031 0.43082134999932986
1033 0.40928017948660406
1034 0.34045854166629397
1035 0.2904596174593887
1036 0.3891281666664172
1037 0.2167545478334887
1038 0.41694945829977936
1040 0.49971197396692707
1042 0.4606693729885587
1044 0.44635909999883594
1046 0.43651956666631164
1048 0.1929423458290967
1049 0.36218312287768883
1051 0.45185119228961673
1053 0.5135100089597772
1055 0.5000007666668802
1057 0.35858957575682016
1058 0.4583466458336716
1059 0.13464773693719786
1060 0.4545061773045979
1062 0.45195297222106406
1064 0.5608975000001165
1066 0.4917369333328835
1068 0.22041168333207042
1069 0.36507059390979657
1071 0.5034009703256144
1073 0.5089859929469185
1075 0.44313198333276566
1077 0.34247916666597444
1078 0.4528186666653812
1080 0.5314924999994062
1082 0.4907916930022865
1084 0.5044485166668442
1086 0.5126249311800465
1088 0.47765185238054025
1090 0.4633931666664771
1092 0.43455694999946354
1094 0.45891334999943545
1096 0.06756077871273192
1097 0.48372492400609013
1099 0.470253549998552
1101 0.5293884166660208
1103 0.449707999998478
1105 0.4691758999992849
1108 0.5004891833328207
1110 0.49785991676277846
1112 0.4788096166658606
1114 0.4801132090463857
1116 0.5050123333320543
1118 0.4657661833334864
1120 0.4476994499992388
1122 0.23486101666604298
1123 0.3169441041667369
1125 0.4629765499992118
1127 0.4675987333327312
1129 0.4756147452383175
1131 0.4091587823125205
1132 0.389044848483784
1134 0.5028628166662051
1136 0.5332477833328229
1138 0.4205039333323084
1140 0.4850838499987271
1142 0.47934951666625286
1144 0.27204096666709005
1145 0.3225396666647764
1147 0.4920566012800763
1149 0.48839877499917694
1151 0.50689378118177
1153 0.3952283642857555
1154 0.2752255416646676
1155 0.06598048533976453
1156 0.4609118140663213
1158 0.4802338999992876
1160 0.5083594929482088
1162 0.49514349229058746
1164 0.48125273333300095
1166 0.4546064476184706
1168 0.48530496666609585
1170 0.47473466666594616
1171 0.3254535119990578
1174 0.44119358488290666
1176 0.47951612237728375
1178 0.49986233333191515
1180 0.4807428020731849
1182 0.4343756333324113
1184 0.45401641666577774
1186 0.2222153563205618
1187 0.3875070752675538
1189 0.47911984999955215
1191 0.5163664499998815
1193 0.5136073999997135
1195 0.45063588333343063
1197 0.49526276666585284
1200 0.5389707830323759
1202 0.525016833332377
1204 0.5030624833338307
1206 0.529729366665393
1208 0.4365456499994407
1211 0.5004097762830497
1213 0.4910711666663241
1215 0.48586059254729014
1217 0.46963964710954903
1219 0.4817628378700497
1221 0.43497630714296065
1223 0.22238183590567132
1224 0.39338435436561686
1226 0.46567484999933834
1228 0.5052508333325177
1230 0.46586970862986116
1232 0.45059715819082685
1233 0.35364533333654435
1234 0.12292011674874935
1235 0.46122031372526734
1237 0.48737887227563725
1239 0.47403861428473
1241 0.45879552311904803
1243 0.46315998489507476
1245 0.47391653333302153
1247 0.4786027000000858
1249 0.22415891127298776
1250 0.36529620430010523
1252 0.4895195833324423
1254 0.4817551999983607
1256 0.4998991042617185
1258 0.42313844761899144
1260 0.4461123499992787
1262 0.06417854671485657
1263 0.4128272100676033
1265 0.522988133332926
1267 1.0201865499991527
1270 0.5276250499996882
1272 0.5004254999987863
1274 0.4746641333335147
1276 0.5378459166659157
1279 0.46035672499933705
1280 0.11660410000003398
1281 0.4249571666655783
1283 0.465081697847002
1285 0.4850318422893302
1287 0.4822962166659186
1289 0.46693940693608105
1291 0.4901187572496682
1293 0.4921926853228342
1295 0.4838645833329948
1297 0.5124981166660446
1299 0.43090023529270244
1300 0.2952404444419901
1302 0.49257551378029085
1304 0.5289284904414516
1306 0.4887371999987264
1308 0.5120732166652332
1310 0.44377164999934127
1312 0.3104463346044213
1313 0.3560791428558225
1314 0.18213933177271435
1315 0.44381443333313647
1317 0.46401363082800295
1319 0.4280601749403709
1322 0.4624620762800377
1324 0.5040412999991687
1326 0.44547524999848065
1328 0.4455640666659902
1330 0.23264755913995105
1331 0.41236897701098535
1333 0.5185741333324286
1335 0.4733047499996851
1337 0.15767101960801372
1338 0.4352186124028776
1340 0.5022655304485397
1342 0.5620554999992392
1344 0.49525400833163125
1346 0.47792296190532446
1348 0.45537886666614474
1350 0.21709662962910917
1351 0.3408424242416485
1353 0.39352374999919715
1354 0.07734523333197105
1355 0.40934574370525245
1357 0.46812904999886407
1359 0.4348474999998261
1361 0.4792314999991054
1363 0.45332063333239603
1366 0.47423012628160044
1368 0.4667679740303211
1370 0.49373129003783967
1372 0.48402114999973117
1374 0.21240701666588033
1375 0.35717727450909303
1376 0.06170466154594578
1377 0.4818912598863046
1379 0.47817183333289315
1381 0.49939261666533313
1383 0.47474326666489747
1385 0.5628719166662898
1387 0.4995423218517167
1389 0.4692485166661599
1391 0.4433304022982474
1392 0.20191816666465456
1393 0.31275570542714387
1394 0.3061339607826111
1396 0.47111645127968854
1398 0.51555919999981
1400 0.5007700900368192
1402 0.49085016666523723
1404 0.5035776666664022
1406 0.21216956666733375
1407 0.3711545104159768
1408 0.06576495571357555
1409 0.4505077683606553
1411 0.45333198620727083
1413 0.5197195293289198
1415 0.42706429761795656
1417 0.4664256166667506
1419 0.44812674999964924
1421 0.1664809409537611
1422 0.3831004393929229
1423 0.2704714210928368
1424 0.42759021568639705
1426 0.5000748511213116
1428 0.48543260475686695
1430 0.49795658779310864
1432 0.5018020499996654
1435 0.2050572166655745
1436 0.44078271929653373
1438 0.4732546949224038
1440 0.5054756499995614
1442 0.4803560496987452
1444 0.4553227166652045
1446 0.4763583333328675
1449 0.5191856616985361
1451 0.46488964228928986
1453 0.5110926499999096
1455 0.5251289999998479
1457 0.4844030666653297
1459 0.45867394999945693
1461 0.47103558333269624
1463 0.2107391666674436
1464 0.3320861271540707
1466 0.4496326388876391
1468 0.4744386666657042
1470 0.4365829166653229
1473 0.5568914500001022
1475 0.48706011666619553
1477 0.4769910333330855
1479 0.22386296804459418
1480 0.40349495495492965
1482 0.47734589999916727
1484 0.4695683959938383
1486 0.460414428534114
1488 0.5039487779192309
1490 0.4975155666240731
1492 0.47306214999906254
1494 0.5036175833326979
1497 0.46604931666626465
1499 0.4907377044602077
1501 0.4867689900367767
1503 0.46069753333257074
1505 0.5307358333326951
1507 0.28731126428637493
1508 0.49958307291433357
1510 0.6132248999990679
1512 0.6675918166661629
1515 0.5332350999997433
1517 0.4827108773817904
1519 0.48581949861325746
1521 0.5301117219203811
1523 0.4913997833320076
1525 0.4011756794866767
1526 0.25272066666570936
1528 0.48673641666611467
1530 0.5120071666665209
1532 0.5056701666649133
1534 0.46974123333282847
1536 0.23340788172098678
1537 0.4446954942503717
1539 0.5193307071064732
1541 0.453373245770429
1543 0.4704946123126774
1545 0.47681208333253006
1547 0.4745422004259121
1549 0.43247653333317704
1551 0.4334277321422028
1553 0.37945916666543184
1554 0.2448765991667491
1556 0.4891624012803737
1558 0.4580075671288801
1560 0.46977444999982515
1562 0.5147876666657644
1564 0.06535315154746968
1565 0.5126536370912618
1567 0.43456563333228
1569 0.45255118333311706
1571 0.47656449999875156
1573 0.26858680224297754
1574 0.31920980952280675
1575 0.26022521568567014
1576 0.3485878589721008
1578 0.5101246499990183
1580 0.5148223333339812
