1 6.108613005715317
29 0.40244814571446463
37 0.2631824657145785
43 0.2958828257142318
50 0.2695992857142281
56 0.22474238571363245
61 0.24512291071515335
62 0.29386030952345565
67 0.33353473560014274
73 0.2414776657142421
78 0.237101825714103
83 0.2557825657145939
88 0.3751640657140299
93 0.25381230571406854
97 0.25394390571372705
101 0.2459965048191855
102 0.33021503571549715
106 0.28075442737211764
111 0.24724178571506392
115 0.2343818657142903
120 0.2811429857148826
124 0.381623965714148
128 0.22720750571464815
132 0.16835880571397624
136 0.2453518257150766
140 0.19811692571532835
144 0.2232735657136415
148 0.21860320571405953
152 0.2039267057136361
156 0.27702074047367414
159 0.09564726190431354
160 0.19823030451126852
164 0.15552180571419513
167 0.14234020238058823
168 0.3876632785708923
172 0.13614576571413403
175 0.20556105158512783
179 0.1271788657139747
183 0.1597754674564428
184 0.19016294047616797
187 0.19480856571502708
191 0.2316955057152133
195 0.19632475617170914
198 0.23963186543417214
202 0.21094260571404194
205 0.22077526666726513
208 0.13701020571472092
212 0.18289437381047705
216 0.21470770571442457
219 0.2329540632982888
222 0.1029203873632827
223 0.11860961872527732
226 0.14059932738103398
229 0.3220031857148183
233 0.1840635657139114
236 0.12646020571449973
239 0.08563979642887475
240 0.15247931015022992
243 0.1763410057140913
246 0.272155670237303
249 0.14442900571386194
253 0.14605344571467627
256 0.1563418534185395
259 0.15717816071374283
262 0.09602259341785148
265 0.11290091341904836
269 0.08384087341769825
272 0.17724801341840718
275 0.12217161341837261
278 0.09332659341858296
282 0.1154318772140347
285 0.07102497341843908
288 0.07711979761972998
289 0.15193757142810682
291 0.10021929341868145
294 0.08849395431880225
295 0.15307682142927856
298 0.12158213341890121
301 0.10445661341907454
304 0.21064791341826555
307 0.08396205341877705
310 0.07723787403928549
313 0.07769699341848083
316 0.11793553341839931
319 0.10682461341818902
322 0.11005229341860734
326 0.06937166071304546
327 0.12177928571272137
329 0.12634307491354543
332 0.09063269557533431
335 0.31484952857108495
336 0.4526942571418431
338 0.03038607251067499
339 0.08327146978018177
342 0.09057263341831912
344 0.12084118612431548
347 0.21497333341872504
350 0.10206454379956083
353 0.06250993341874624
356 0.10091037341936962
359 0.08997943341918915
361 0.09818024199885637
362 0.13162096703257917
364 0.11573755296133179
367 0.09613614228733931
370 0.07072497341852339
373 0.05239920488737714
374 0.11137233294909733
377 0.14443213341777209
379 0.06348503571427955
380 0.09970240476136064
382 0.09294984064362778
385 0.0820267134193773
388 0.06803149341770671
390 0.07343306175530984
391 0.09730675396764982
393 0.11567095341835289
396 0.10792149763253062
399 0.08478407682234666
402 0.07692041341875205
405 0.11448771984918263
408 0.07805179288884116
412 0.07252683341879214
414 0.0726012570217036
415 0.09806939285648959
417 0.06782591071362276
418 0.11877114285697479
420 0.0888746359521705
421 0.08382324999903243
423 0.07272869385240022
427 0.07921101341851236
430 0.08169457341891301
433 0.11283858961482345
435 0.05171544047614892
436 0.12298374240076619
439 0.06512653341834714
442 0.08294085341859958
445 0.09370845341856235
448 0.059663733418760856
451 0.07984584365839732
454 0.12445595796607671
457 0.07239889322725043
459 0.07870773341839145
463 0.061360133418761495
466 0.0716732334185281
469 0.05685785363292559
472 0.08375433341823284
475 0.06609299341840148
477 0.02462449999974784
478 0.041945091269414835
480 0.059813374037291804
483 0.07488485341889375
486 0.07067849341945023
488 0.06362223917749295
489 0.0673121239492101
491 0.06106801341860324
494 0.06647269341830456
497 0.11767747341906683
500 0.07551691341895553
502 0.016687535715569926
503 0.10449409385343945
505 0.10803365767429467
508 0.04256183341827183
512 0.05936466571409259
514 0.05154139285650672
515 0.0657136752490186
517 0.05532296703397432
518 0.050438148809159124
520 0.06687014897159761
523 0.06186408395342369
524 0.05334157142806362
526 0.04046682875449596
527 0.02972739285701209
529 0.06448574571455536
532 0.06327088497016575
535 0.05671436571385126
538 0.07202382571391351
540 0.037968785715003686
541 0.04591192857092862
543 0.06841212328538852
546 0.08762476571428124
549 0.059258285713731276
552 0.05230076571366221
554 0.05037690990739401
555 0.03182365476158743
557 0.0664201284283035
560 0.057343168428906265
563 0.053521894999371426
566 0.05113823500008951
569 0.04576844571398394
571 0.05821786571388661
574 0.061129105714717226
576 0.06146777142827586
577 0.03988765039522376
579 0.06450510571426996
582 0.051544505713682166
585 0.06165050571333272
587 0.05869818571438369
590 0.08527332571444282
592 0.02146024999748469
593 0.058698419434735076
596 0.06820492571336213
598 0.08668986960582525
601 0.10333186571428081
603 0.11212728810030967
606 0.16264686571368636
609 0.11717744571426005
611 0.07727652936782314
614 0.07840316571397123
617 0.12550775256906027
620 0.11801160571427324
622 0.11696741190216019
625 0.10616113357075843
628 0.10294198571442399
630 0.07312633427534813
633 0.07096384623843287
636 0.07580294571453117
638 0.04642362030054568
639 0.029662011905581195
641 0.07296427500041325
644 0.06383166571416952
646 0.07668996571403108
649 0.10563214352192979
652 0.0828962857139413
654 0.053624696428187235
655 0.06328812604929496
657 0.0770456057149568
660 0.06564195499951889
662 0.05620121428538973
663 0.01848107142814115
665 0.049428025714078096
668 0.04940548571350515
671 0.06803587132100798
673 0.10282580571342802
676 0.08050834995288363
679 0.0781839812854104
681 0.08075066571385835
684 0.07810324571342787
686 0.09679934571416203
689 0.08110179357206115
692 0.0864302605989132
694 0.08728610389516689
695 0.07502207142800084
697 0.11349661825104704
699 0.046252178572482684
700 0.07168925187896714
702 0.07738172571378532
705 0.07396022571439967
707 0.09148453849252298
710 0.07944584417260549
712 0.04895064285801709
713 0.05602294720466966
715 0.07469649523709443
718 0.06345042738049866
720 0.056667057772901916
723 0.05453600571388954
725 0.044302775973991744
726 0.0245605476190273
728 0.05339060571342994
730 0.057514725713772356
732 0.04470753571480857
733 0.05040924026004424
735 0.05345680571372213
738 0.056313785714155504
740 0.03283413655383489
741 0.04262096644871153
743 0.06353380357054443
744 0.03285435714201412
746 0.04798950571355816
749 0.0593063857145899
751 0.08219437857155754
752 0.08725525714248761
754 0.04885468699922964
756 0.05130628571423584
759 0.06319454571406824
762 0.07823390571320488
764 0.06436728900002894
766 0.059575061244812114
767 0.01246277380793496
769 0.07921130577302851
771 0.07859942936414878
774 0.09195434280815622
775 0.10349988095094886
777 0.08940260252841206
780 0.06739480571406599
782 0.06646689738190621
784 0.05851264650322091
785 0.04819345535673847
787 0.057009705714299315
789 0.06225284571424706
792 0.060788216171567856
794 0.05324844571383437
797 0.06717840571465793
799 0.04269020391769027
800 0.035303678570363976
802 0.047425874999526066
804 0.05183846858260495
805 0.037583402380626754
807 0.04776034571426859
809 0.057004705714134615
812 0.05732408571398994
814 0.03905442857145457
815 0.06030039880837041
817 0.046573265713886904
819 0.04839770571430566
821 0.047026305713879966
823 0.03768904918848482
824 0.029085269047042558
826 0.053749205714047975
828 0.05100540571424067
830 0.05157352571324743
832 0.049030805714064624
834 0.043282396179445744
835 0.0181125357134988
837 0.05316294571435714
839 0.048726146615571904
840 0.043840678572223624
842 0.05226254571396569
844 0.05392009127048269
845 0.043940428571561704
847 0.07122318571513463
849 0.07638310571499451
852 0.05841212476982486
854 0.03204707142890584
855 0.04029794957927258
857 0.05904616042781066
860 0.05679992571444016
862 0.04631650699984217
864 0.04741392571384488
866 0.0274466639599909
867 0.05391872618968542
869 0.05352520657058452
872 0.04921468571395962
874 0.05553252657060969
876 0.04562968571401143
879 0.04971756571430892
881 0.04941742738107679
884 0.05025038888491964
886 0.04926188042769355
889 0.060813873088782174
891 0.047502805714175346
893 0.0548803246153966
894 0.026436830355976326
896 0.04932908571317968
898 0.05302795857030106
900 0.049043803000031395
902 0.03538751707980699
903 0.03267907539608403
905 0.04618842285014586
907 0.05211849500023615
909 0.02546683646698367
910 0.033335752303951124
912 0.04922988571386667
914 0.049521582999295835
916 0.04619854910686172
917 0.028849142857451535
919 0.05098420571426682
921 0.050366774999415644
923 0.05406610571422789
925 0.027283950395406004
926 0.06341197142810412
928 0.06645244571380317
930 0.048822725714198885
932 0.05006931056929264
934 0.02882651190498109
935 0.04143712030036355
937 0.049003785714012385
939 0.03474693285699684
940 0.03131481285823611
942 0.05358773099946123
944 0.04613916571412122
946 0.048078755952171086
947 0.03432607142804045
948 0.025543348985479497
949 0.04571031794322017
951 0.05333960571362702
953 0.047772782999536474
955 0.03568844576727349
956 0.031995995340702924
958 0.047153085713944165
960 0.04854774571431336
962 0.05164080700022624
964 0.047007182999909684
966 0.04665740571392234
968 0.04788643055544781
969 0.027058571428597133
971 0.047377345685927136
973 0.046587662999650045
976 0.04769138571435179
978 0.04532645656412739
979 0.03263754120943164
981 0.04808696571395555
983 0.04696920571339432
985 0.04899158042825551
987 0.017584778570562776
988 0.04959227380884131
990 0.0505494309994492
992 0.05114817499855693
994 0.05039670571386523
996 0.04932698571450604
998 0.03895643673242353
999 0.0227750119048172
1000 0.027765583995005727
1001 0.035145642856946324
1003 0.05237638571401473
1005 0.05352707499891495
1007 0.04720813415603215
1008 0.03181693831119115
1010 0.04754984571380191
1012 0.05427319209813052
1014 0.04963646571413842
1016 0.047476746998950145
1018 0.0514076657137776
1020 0.02247000238210906
1021 0.03490836347434652
1023 0.054900237142910584
1025 0.07074484413233229
1027 0.04636456571397503
1029 0.04717342699978875
1031 0.03749422500025754
1032 0.030085940476120794
1034 0.04730564571416836
1036 0.06228556571471922
1038 0.04843516571412689
1040 0.0474898057146675
1042 0.045197506999829794
1044 0.046301151000216076
1046 0.03165985317397188
1047 0.03405077795016199
1049 0.05281012571484094
1051 0.04728884405063579
1053 0.052751685714483756
1055 0.041272853570899284
1056 0.027418857141856275
1058 0.04715862571474645
1060 0.045650585714629426
1062 0.04967543500023566
1064 0.04682550571424145
1066 0.01914048376412128
1067 0.03923849542077452
1069 0.0473907457142377
1071 0.048486438999907525
1073 0.04830020299983513
1075 0.02467275714243442
1076 0.038966728571267595
1078 0.047551505715255196
1080 0.053748564285897374
1082 0.050294796429425304
1084 0.050042191000447864
1086 0.04766825499975313
1088 0.06112847500089633
1090 0.04596567500023415
1092 0.04077621533553399
1093 0.024082196427116287
1094 0.023958857143043133
1095 0.046224253571017504
1097 0.04818188571482103
1099 0.04803628571471563
1101 0.04769091500037572
1103 0.04857330299952993
1105 0.021220357142192368
1106 0.04230155357072363
1108 0.04892366571382807
1110 0.04959069499977886
1112 0.05379632728594518
1114 0.05015822299969841
1116 0.050142945714487734
1118 0.03901526465059739
1119 0.026083120129276886
1120 0.029261625001845468
1121 0.04299942142831374
1123 0.050507165714025214
1125 0.04851276700019297
1127 0.04619110147125817
1128 0.02123748376561707
1129 0.03930949030437402
1130 0.030794269048086183
1132 0.04848484571450173
1134 0.04540326571479451
1136 0.04895363899986477
1138 0.04735045500050549
1140 0.04136911904747432
1141 0.027406285714278056
1142 0.02938088392784266
1143 0.036894508402009
1145 0.06015068571448859
1147 0.047332637822291836
1149 0.05814711642881769
1151 0.04738781500004734
1154 0.04880256571423165
1156 0.046587565714889936
1158 0.04646044571463785
1160 0.04743403100029356
1162 0.050348174998889626
1164 0.03047018367296264
1165 0.036847841269668086
1166 0.01799853571440378
1167 0.04227372176075183
1168 0.026777602381025653
1169 0.037946535713815274
1171 0.046679225714051434
1174 0.05115138571449276
1176 0.05081237928456175
1178 0.04702268571543748
1180 0.04646762700013827
1182 0.047338911000133474
1184 0.022551214285916405
1185 0.04162979870120996
1187 0.04780138571457427
1189 0.04717760571455073
1191 0.0503551944860283
1193 0.051955143000514036
1195 0.03286504304045316
1196 0.03528092724723642
1197 0.022178821428691927
1198 0.047631512458316844
1200 0.046918915971818936
1202 0.05073457500005137
1204 0.048102885714197324
1206 0.04670644700016054
1208 0.028839664285624168
1209 0.03256820476156764
1211 0.048247405714519104
1213 0.04912956571441104
1215 0.04617356571407072
1217 0.05533473356983446
1219 0.05005627928768258
1221 0.02183100274609947
1222 0.044418159266471656
1224 0.05038264571436233
1226 0.050513805714526815
1228 0.04582636571469267
1230 0.04592196571358723
1233 0.04709100571426461
1235 0.058179745714824094
1237 0.05145228571427651
1239 0.047906025714492054
1241 0.05221697499936453
1243 0.04812437499989755
1245 0.040198539285217626
1246 0.024551535713817425
1247 0.03938496071427835
1248 0.029413064284926804
1250 0.04889374571410374
1252 0.05293097375350959
1254 0.04813286571408752
1256 0.04836239099934577
1258 0.041337946428354526
1259 0.03219246753306749
1260 0.02589407142750133
1261 0.045399339285040696
1263 0.0552946457141115
1265 0.050121383000314414
1267 0.050494445714302845
1270 0.0475344857144409
1272 0.049426216085303135
1274 0.03594112738058661
1275 0.02742341428511281
1276 0.02765169841202603
1277 0.03486161160651591
1279 0.045819223571334125
1281 0.04583388571440079
1283 0.049879145250406556
1285 0.05181355786981843
1287 0.05180244273448808
1289 0.05026037499962516
1291 0.0499070375739302
1293 0.05222677499990822
1295 0.046621603000639854
1297 0.038766318434023235
1298 0.019613301948249336
1300 0.047402725714073266
1302 0.05134470571496421
1304 0.05767011036944499
1306 0.051783403571107556
1307 0.01898607142993569
1308 0.043930975000572914
1309 0.024929826530134435
1310 0.02778265357040675
1311 0.042291780887378116
1313 0.058187825714357995
1315 0.050503445714366546
1317 0.04839659368522002
1319 0.047563427000131935
1322 0.05240730571467795
1324 0.05067542042849707
1326 0.04554814571407403
1328 0.05113888808582483
1331 0.04574342571448135
1333 0.04884540571476462
1335 0.05861157617172464
1338 0.04860052571437335
1340 0.05176705928722183
1342 0.052417782485526886
1344 0.046880845714131286
1346 0.043684335654440284
1347 0.023558249999366256
1348 0.033214535713276365
1349 0.029944058441659826
1351 0.04890912571421722
1353 0.04843902571426951
1355 0.04782170571454118
1357 0.05043038571400754
1359 0.05205373757142296
1361 0.04909256571439982
1363 0.028929417857549808
1364 0.03910351503705709
1366 0.048251045715387554
1368 0.05151041499963863
1370 0.04604484700057583
1372 0.037887369047388736
1373 0.02540204081511937
1375 0.0488943057148754
1377 0.04706292571414453
1379 0.04870635451457024
1381 0.051258485714588395
1383 0.04565877899998671
1385 0.05642431857089835
1387 0.04775932571394152
1389 0.038048905844182926
1390 0.02846278361328265
1392 0.04614100571425302
1394 0.04975742571406952
1396 0.05037320571429521
1398 0.04733500571421252
1400 0.04940545688483323
1402 0.04705295403862689
1404 0.03493970535691915
1405 0.02434497618944281
1407 0.04755112571447166
1409 0.04648624571456821
1411 0.05054535100041902
1413 0.0499834657142673
1415 0.042709159266451024
1416 0.02864369505421284
1417 0.038581223986378026
1418 0.02496175892906649
1420 0.04778148571482235
1422 0.04939868571405893
1424 0.04929100571405791
1426 0.04812612571457065
1428 0.04977168700047513
1430 0.048355010999975974
1432 0.0624678537725503
1436 0.046935645714129365
1438 0.04823484442871631
1440 0.04776651500044867
1442 0.046971445714680184
1444 0.04792097242846467
1446 0.02827376190407449
1447 0.03807869924816928
1449 0.056000127381203094
1451 0.052863984428613585
1453 0.04608797100067023
1455 0.04818301899964351
1457 0.045208039640046264
1458 0.02180292582359191
1459 0.04119273214178065
1460 0.028858694805463034
1461 0.025014468746576313
1462 0.04344988095243975
1464 0.04772814571444543
1466 0.047362065714060056
1468 0.041644844154813114
1469 0.0160753809527705
1470 0.021117310439422
1471 0.03752583494167847
1473 0.0499208657138843
1475 0.05270391500037475
1477 0.03286203174543011
1478 0.03827123660732923
1480 0.049486405714942484
1482 0.0531896206858891
1484 0.05089260299953818
1486 0.046545039000729954
1488 0.04624338571449698
1490 0.0517582709991893
1492 0.047208925714676345
1494 0.047644632564167004
1495 0.013628571424305846
1497 0.04939858571460713
1499 0.046258862999711645
1501 0.05556688571459745
1503 0.05008734888659089
1505 0.038328932266032435
1506 0.02923246428480568
1508 0.04615556571416164
1510 0.049415205714922195
1512 0.04942980571426236
1515 0.04801712571448658
1517 0.04814122571371633
1519 0.04829895242964993
1521 0.04791118571427426
1523 0.04993224442915565
1526 0.04654612571490358
1528 0.04596412571432663
1530 0.04619780571412772
1532 0.049301807371948635
1534 0.038332980101202875
1535 0.022522069047439194
1537 0.04907916571415623
1539 0.04724360571404759
1541 0.04677511900002167
1543 0.04798847500072041
1545 0.04969474700000318
1547 0.049550675000919
1549 0.04881417827558914
1550 0.025278880952555483
1551 0.02559667857030945
1552 0.04274822556338843
1554 0.047184065714482123
1556 0.051705628472691355
1558 0.04906208699988387
1560 0.04600884571447757
1562 0.047357145714067836
1565 0.05077504571456303
1567 0.04597675595164219
1568 0.015106071427908319
1569 0.03185851298733477
1570 0.03767378571443002
1571 0.02166493831092256
1572 0.03865723901000634
1574 0.04481932571428839
1576 0.0466982657143126
1578 0.051213381225415994
1580 0.047404375000223806
