1 4.486155033333966
29 0.3954071416666681
37 0.4568463086706715
43 0.3393497592598885
44 1.0072187820507654
50 0.4462099158725831
56 0.4679752416675541
62 0.6120961916668046
67 0.6632252416663899
73 0.7379187916667826
78 0.6281608166673716
83 0.6860805291651706
88 0.542441091667064
93 0.6668447166672598
97 0.5736216388893922
102 0.8115077166672966
106 0.4581083333337371
111 0.5722288166664324
115 0.7238279041587992
120 0.5749552717455122
124 0.7963009598766035
128 0.5618053333331261
132 0.47141641666616996
136 0.6094869166667645
140 0.48241354166725614
144 0.5506295666655664
148 0.42892256666550566
152 0.4054818166671339
156 0.5126177166666362
160 0.653555466666467
164 0.4380821916664444
168 0.5239513666665975
172 0.3842268416665777
175 0.5636431444446259
179 0.3384365166665245
184 0.5167516166663061
187 0.46503019166616466
191 0.5030532500008352
195 0.5016372166661767
198 0.4493089166648246
202 0.36769429166665735
205 0.3459854416668802
208 0.2945242666663487
212 0.4120968916665788
216 0.3147089416665493
219 0.5944660499986358
223 0.4472401916668328
226 0.3871010416671422
229 0.3696850166660167
233 0.4288334916666372
236 0.2966115916665787
240 0.43773969166627474
243 0.4319691055548449
246 0.24922684166635922
249 0.58461088765311
253 0.32116406666577835
256 0.40251996666638634
259 0.5374734916667533
262 0.40548196111248014
265 0.391968883332913
269 0.5446626732447157
272 0.3755622666662023
275 0.3162770166661174
278 0.3350515166654684
279 0.5670450416655513
282 0.6511169416668058
285 0.5066071666702893
289 0.3938755416659663
291 0.21297266666651163
292 0.5030618725484481
295 0.4740968666666049
298 0.3393103166669787
301 0.3973075166670239
304 0.40118668749972786
307 0.250045766666153
310 0.3791965916671868
313 0.3065530583332131
316 0.40538955555389267
319 0.43671089166600696
322 0.41487379166592264
327 0.4076085916656669
329 0.4363277746930909
330 0.45111966666559056
332 0.273804015151782
333 0.2701295952406489
336 0.31756139166573105
339 0.45979234166652494
342 0.33410676666608197
344 0.47546357692255015
345 0.4277771666627359
347 0.3249384203137424
348 0.33463585897456694
350 0.3033725291688486
353 0.5079778501021224
356 0.22401114166586922
359 0.3357610416664104
362 0.24563929166624798
364 0.42611765416564795
367 0.3412499916659724
370 0.30809788095142004
371 0.4644770757579514
374 0.3553609416666407
377 0.535966116666259
380 0.3247195166663007
382 0.37843733333223806
385 0.3658539999993766
388 0.253511066666124
391 0.3875954666661525
393 0.4849393802454416
396 0.3480481416656401
399 0.29106154166602194
402 0.4515286166661667
405 0.5071122962951335
408 0.4027805666663883
412 0.36117836666635433
415 0.35760131666647815
418 0.29699446666627394
421 0.2963553666662849
423 0.2906748838376374
424 0.38979176436782836
427 0.30954004166615035
430 0.4142837166657958
433 0.386908261903784
436 0.3676354416666979
439 0.520614335979349
442 0.4126671666665058
445 0.5223207302471451
448 0.312395591666336
451 0.22982194166606879
454 0.21345311666618727
457 0.23017594166658456
459 0.16936995833418678
460 0.40536125416503666
463 0.14011477777753753
464 0.2526231212114825
466 0.04242683333472996
467 0.36179119688002653
469 0.33699920555478663
472 0.38222092222205195
475 0.31502538888763654
478 0.2696124416668682
480 0.34663075416613104
483 0.35389136666672105
486 0.3358292333342999
489 0.32048256666694236
491 0.2562499666642679
494 0.31439101666646796
497 0.23320313095310913
500 0.28132506666561297
503 0.3078022666668403
505 0.3675233444447824
508 0.21845896666682152
512 0.20507161666623674
515 0.24096329166573033
518 0.27097161666692965
520 0.15436271794872558
521 0.22915833333273175
524 0.46565151666650306
527 0.33459071666661633
529 0.3496045666659936
532 0.15433193332419254
533 0.37686853333301157
535 0.5135951960362032
538 0.31355070555598574
541 0.2664673416667485
543 0.22203538505741086
544 0.29317537878790223
546 0.2528482833326054
549 0.4409254416661043
552 0.30134548333328415
555 0.3325818666658508
557 0.36711044999894993
560 0.20423368333317726
563 0.48233383554461395
566 0.31691104166552553
569 0.2863297916671854
571 0.35736074166647974
574 0.1965408166657197
577 0.2534028916665647
579 0.3211417166655792
582 0.4478940827963921
585 0.33360066666659804
587 0.492545800000471
590 0.3113132166648711
593 0.38346824166678717
596 0.3004331166669997
598 0.3446147388891402
601 0.36790691666515185
603 0.28789101666675354
606 0.4445160450007733
609 0.34239234166620897
611 0.3227316395703706
612 0.41934843333356187
614 0.3536830916656529
617 0.34131753333308573
620 0.47146936666622385
622 0.36986845146720954
623 0.45666789999994156
625 0.4375912916666036
628 0.40667739684517956
630 0.4307136826753142
631 0.4503918333331817
633 0.32531117222131367
636 0.3212863611111968
639 0.3324832166659237
641 0.42482974629342607
644 0.3224135416662191
646 0.2405678809523774
647 0.40481710605990884
649 0.514677283072228
652 0.2218970166658892
655 0.3649475166662799
657 0.5341735696903921
660 0.26415138333320537
663 0.36083819166647096
665 0.3065698416659418
668 0.36527774849782846
671 0.28784474999986287
673 0.42952851573968476
674 0.2564143877789774
676 0.40934736666699767
679 0.22756339166621747
681 0.26415461999967077
682 0.3445826666670655
684 0.42702204166585034
686 0.1438783309520204
687 0.34709064912224136
689 0.2900262666662
692 0.27550798333327303
695 0.24234339166637237
697 0.33120176111049204
700 0.3114358416656161
702 0.34019689444546636
705 0.25533614166583907
707 0.3716831643690739
708 0.33807586111088794
710 0.2974228166665398
713 0.31836941666601903
715 0.3562087416662964
718 0.34214874793242395
720 0.26968255555577036
721 0.3740394166684382
723 0.28620304166638577
726 0.22030039166625115
728 0.3504774915376404
730 0.41575525383639134
733 0.2391675916663642
735 0.28727194166617664
738 0.30431604635425613
741 0.2701795166657119
744 0.23392276666650086
746 0.19022472172148341
749 0.3318481166673562
752 0.3171351166667139
754 0.3335648148817652
756 0.1330121666674131
757 0.27500008974309875
759 0.2685667166665097
762 0.23495454166700275
764 0.2543862944443618
767 0.29932469166619724
769 0.30776932777714616
771 0.24463720166498687
772 0.48247639855004404
775 0.30014839166637997
777 0.24776169166757422
780 0.29969109166581787
782 0.23790041666663891
785 0.2324341416655898
787 0.2867231416659024
789 0.12405202261807165
790 0.30294048039135146
792 0.24981062222238942
794 0.09374143333179745
795 0.21849864492172455
797 0.2438566166665168
800 0.2291682666674662
802 0.22734256666612945
805 0.2815563166661832
807 0.44198762319638263
809 0.29550439829207703
810 0.3584290833336277
812 0.305566209787253
815 0.20512821666620776
817 0.2274643166657143
819 0.259744910411382
821 0.22784156666596114
824 0.20217014166632907
826 0.19421236666576092
828 0.2462064388878618
830 0.2532264645863959
832 0.2312586416654538
835 0.21079726666607712
837 0.30703269166592706
840 0.2652185916670078
842 0.27820284791573613
845 0.2524101666657314
847 0.2456283041658251
849 0.0801235005953913
850 0.33144084492216425
852 0.2580423416660322
855 0.27784189166609413
857 0.4146732923335092
860 0.20851641666627074
862 0.18830983095213027
864 0.25012793333298755
867 0.2996947666666986
869 0.2545639833328098
872 0.25560609166577725
874 0.2563965916662257
876 0.19042310001743007
877 0.2526316466661775
879 0.2836876666664919
881 0.30578759166514813
884 0.2436041729169121
886 0.2849095486112674
887 0.24497942307647663
889 0.24408083888811238
891 0.2607617142855361
894 0.16275391666636096
896 0.2482426416666838
898 0.2051330166667186
900 0.19044503333486773
903 0.27648844166601505
905 0.4585402682164844
907 0.2792415944441474
910 0.19597061666668208
912 0.21504724166547917
914 0.26362244999968415
917 0.23115779166669198
919 0.2927960944439748
921 0.2157353833338449
923 0.07215044290073061
924 0.18577797747665564
926 0.18083934166584198
928 0.16862579166613603
930 0.22849754139169837
932 0.23465858095328257
935 0.19113199166627043
937 0.4186773299880997
940 0.28472941666700535
942 0.25469068460463423
944 0.2666530166670101
947 0.1771174916660583
949 0.19826176666651918
951 0.23740914166614857
953 0.26807233333374825
956 0.18562084166674153
958 0.1936908166650484
960 0.23961512222101627
962 0.19833553607538773
964 0.26076478333266095
966 0.1149714780693007
967 0.13493049999927584
969 0.3060789416662827
971 0.2789393555544848
973 0.21982800833332386
974 0.21098130952320085
976 0.25473306666694934
979 0.18249426666611712
981 0.18099406666592596
983 0.2497433916657883
985 0.15919886666654293
986 0.12831116666643538
988 0.19989121666608312
990 0.19191448333260736
992 0.24350251666642175
994 0.2313968081735311
996 0.12345006538469538
997 0.1460362999989684
999 0.18480246666617872
1001 0.2672940166666648
1003 0.25207345595163133
1005 0.19149173972734856
1008 0.17404456666640739
1010 0.2076878891921068
1012 0.18886726666592052
1014 0.27173659018535545
1016 0.21083190833323884
1019 0.17493941666557486
1021 0.19400189166649384
1023 0.17898309166553178
1025 0.2644144709297507
1027 0.21461534574867755
1029 0.2719648653749574
1032 0.17177076666739582
1034 0.19208946666603866
1036 0.18059399166768333
1038 0.24658772864997883
1040 0.24386055600666623
1042 0.22376986534092588
1043 0.1433440555555434
1044 0.15235080473061394
1045 0.12638766666552528
1047 0.23252761666681182
1049 0.22451249781952337
1051 0.22710694870725073
1053 0.28423239870985545
1056 0.16722904166617797
1058 0.16264926666608506
1060 0.18827469166635624
1062 0.2302842999996299
1064 0.18216689761898136
1067 0.18400446666601056
1069 0.23140425130584408
1071 0.2672350621955957
1073 0.24262384198449358
1076 0.16303726666619683
1078 0.18245124166651294
1080 0.1812509166666132
1082 0.251339755801655
1084 0.18595599666646206
1086 0.2760999987081506
1088 0.18318148333361614
1089 0.1403027666659909
1090 0.17421375000059613
1091 0.1544555666660017
1093 0.19642804166724104
1095 0.2124075166660988
1097 0.23641427698839834
1099 0.17826646666699172
1101 0.19965688333295462
1103 0.07792091666609245
1104 0.17412477381036034
1106 0.2076761916666329
1108 0.17123646666668707
1110 0.23416913184969418
1112 0.1927633575398886
1114 0.18296466571400755
1116 0.0781819928621038
1117 0.14277527380915792
1119 0.16617811666701515
1121 0.20535909166719635
1123 0.22077496666624952
1125 0.2429121166661387
1128 0.16262096666778245
1130 0.1752641666676027
1132 0.1979056916671651
1134 0.18807179166669824
1136 0.22361368333340598
1138 0.0619996697625235
1139 0.16371373423415306
1141 0.19135701666573368
1143 0.17828039166606674
1145 0.19042696666674613
1147 0.23514996281736558
1149 0.20172370934367323
1151 0.26892824870942594
1154 0.2088423166665052
1156 0.23786265046728677
1158 0.18884942184379255
1160 0.23153671698595418
1162 0.2654748487077085
1165 0.17760219166675587
1167 0.1696656916666142
1169 0.19386671666652533
1171 0.3197451786657891
1174 0.21189273759659955
1176 0.19990955278733508
1178 0.18550289761783473
1180 0.20476421932429517
1182 0.08483929999961216
1183 0.1503860866666219
1185 0.17265304166649015
1187 0.175250841666184
1189 0.19753549684435268
1191 0.21274535670445416
1193 0.20259165670531742
1196 0.1849939666668432
1198 0.18767164166602002
1200 0.2982775098196271
1202 0.1860539309531306
1204 0.20938003333344568
1206 0.07401292424300332
1207 0.17823848850493643
1209 0.1999626166671078
1211 0.2321454003230315
1213 0.19465754179605016
1215 0.24516479552862624
1217 0.199228519892756
1219 0.2491001357960931
1220 0.19058716666404507
1222 0.18414916666697523
1224 0.2522079753709024
1226 0.18548494684366673
1228 0.18036959166720395
1230 0.24867689999960002
1233 0.1936056166664457
1235 0.20541609166639319
1237 0.20373635253442884
1239 0.21086460068892152
1241 0.2363536438308529
1243 0.26097814444352196
1244 0.1884850333322902
1246 0.18343631666757587
1248 0.18433794166703604
1250 0.16621884166652295
1252 0.1577418416659384
1254 0.1765445416658622
1256 0.22635633809718475
1259 0.1826222666667492
1261 0.20900961666593512
1263 0.20462213793102807
1265 0.1963698000001841
1267 0.18052860261827858
1270 0.1920900341257949
1272 0.1096650423810388
1273 0.16774441666620987
1275 0.17198379166748065
1277 0.1918940916661087
1279 0.1715903843434943
1281 0.1756698544616255
1283 0.23275603204156142
1285 0.245276098706654
1287 0.18688558333187744
1289 0.19387651356263416
1291 0.2200911441594485
1293 0.23242624123429617
1294 0.12578549999913474
1295 0.08699929166618858
1296 0.1437888333315035
1298 0.1605790666665597
1300 0.1774444416656478
1302 0.2319435315684471
1304 0.29483242093228934
1307 0.17608674166622235
1309 0.1645757666668943
1311 0.17685289166656742
1313 0.1745862916663101
1315 0.22103634166724082
1317 0.23130323183036144
1319 0.20645485595251759
1320 0.2067925606041337
1322 0.18421287531708672
1324 0.19714607519099459
1326 0.06312702380910196
1327 0.15317862121114426
1328 0.06383516495134245
1329 0.20104378205102583
1331 0.19076831666607164
1333 0.22789670517538524
1335 0.2917921666654363
1338 0.19910449166682143
1340 0.22976208077059274
1342 0.19920011428630446
1344 0.21354809999738777
1347 0.17616219166566235
1349 0.18196726666592428
1351 0.17168379166669195
1353 0.18940856666658862
1355 0.21915706428117132
1357 0.16335256666598058
1359 0.22078929166682415
1361 0.06895970833079446
1362 0.18305727083236434
1364 0.1794496166658064
1366 0.19800150032036754
1368 0.23747831775153827
1370 0.21197946676247725
1373 0.1701751666668316
1375 0.19490741666677436
1377 0.17253726666695002
1379 0.17552786666637996
1381 0.17621416666652306
1383 0.18194208904792492
1385 0.22033740670394764
1387 0.25947136111134195
1388 0.14108774999976958
1390 0.1724079166670889
1392 0.17386211666689633
1394 0.16039966666585315
1396 0.20018518781661204
1398 0.19536072371756757
1400 0.21707934176042723
1402 0.06794388164972688
1403 0.14178706989212278
1405 0.18419216666716226
1407 0.20777706666594908
1409 0.2555558166669469
1411 0.2358471333335272
1413 0.28871280426433243
1416 0.16495749166660983
1418 0.17458351666691657
1420 0.17566426666680865
1422 0.17275981666653012
1424 0.19200019166637516
1426 0.26084052400592544
1428 0.2465331642864383
1430 0.25835621934261316
1432 0.31594959166686765
1436 0.2317787416662213
1438 0.2023800207375531
1440 0.19938408333378005
1442 0.2490089764860386
1444 0.07404426666662402
1445 0.17252136666562973
1447 0.2683965916663508
1449 0.2636929326125369
1451 0.23785746537355407
1453 0.19414343095190828
1455 0.19226723095308507
1456 0.12319733333333716
1458 0.1856065916670558
1460 0.18618926666731556
1462 0.16719359166645528
1464 0.2199186954021116
1466 0.22988944999929117
1469 0.1773242416657921
1471 0.21091754166654927
1473 0.1907374833336688
1475 0.109018952291134
1476 0.14926909420119436
1478 0.18887294166634105
1480 0.18817011666706107
1482 0.17924139166698286
1484 0.24027827092963888
1486 0.22711763045376737
1488 0.22933674843233104
1490 0.2628405666243907
1492 0.09632421402587917
1493 0.12676631159322066
1495 0.18750684166589066
1497 0.16468374133428382
1499 0.2530410293429213
1501 0.20217809176065216
1503 0.14082740142694442
1504 0.1653063333242244
1506 0.18964569166637363
1508 0.17362621666597988
1510 0.1831883666661271
1512 0.2068818309526704
1515 0.16819699166608176
1517 0.21134847022922817
1519 0.20263212028285138
1521 0.29234829315241784
1523 0.09455497916655986
1524 0.1318179999990813
1526 0.19881091666647976
1528 0.1917758416658215
1530 0.2101483992176326
1532 0.22202331350670187
1535 0.1852031916669148
1537 0.2073471916661218
1539 0.2837070709306774
1541 0.22948738095169574
1543 0.23746291428533367
1545 0.18446937666649332
1547 0.2387953669224771
1550 0.1723367416670045
1552 0.16418814166663662
1554 0.19379634641707083
1556 0.22038333781782743
1558 0.23383693333287167
1559 0.17217633333257254
1560 0.1138718539551813
1561 0.13867013767980027
1562 0.056986857167657945
1563 0.18616980769089575
1565 0.27886774216185567
1568 0.1776832916664715
1570 0.18254321666581758
1572 0.18164779166581876
1574 0.18780164166637392
1576 0.19989989166615474
1578 0.2108798833343827
1580 0.19502035670361706
